Centaur Zendo round 5 (training)
round_id : 6a3177a1cf604104b325de0b71830cd6
written  : 2026-09-04 22:30:13Z
presented=598  answered=598  correct=114  skipped=0
client answer latency: mean 0.114 ms  median 0.108 ms  max 1.147 ms  (n=598)

 idx  name          clue                                      answer                                    score
------------------------------------------------------------------------------------------------------------
   0  norvel        xx....x....x....x...xx...x...x...x...x.…     |1234|1234|1234|1234|1234|1234|1234|…  1
   1  norvel        xxx....x...xx...x...x....xx...x....x...…     |1234|1234|1234|1234|1234|1234|1234|…  0
   2  norvel        xxx..x..x..xx...xx...xxx..xx...x...x/6       |1234|1234|1234|1234|1234|1234|1234|…  0
   3  norvel        x...xx...x..xx...xx...x..xx...xx..xx...…     |1234|1234|1234|1234|1234|1234|1234|…  0
   4  norvel        x.....x.....x....x....x.....x....x....x…     |1234|1234|1234|1234|1234|1234|1234|…  0
   5  norvel        xx...x..x...x...x...x...x..x...x/5           |1234|1234|1234|1234|1234|1234|1234|…  0
   6  norvel        xx....x....x.....x.....x....xx.....x...…     |1234|1234|1234|1234|1234|1234|1234|…  0
   7  norvel        x....x...x....x....x...x...x...x...x...…     |1234|1234|1234|1234|1234|1234|1234|…  0
   8  norvel        x...xx..x..xx...x...x..x...xx..x/5           |1234|1234|1234|1234|1234|1234|1234|…  0
   9  norvel        x...x...xx...x...x....x...x....x...x/5       |1234|1234|1234|1234|1234|1234|1234|…  0
  10  norvel        x..x...x...x...x..x..x..x..x/2               |1234|1234|1234|1234|1234|1234|1234|…  0
  11  norvel        x...x....xx...x...x...x...x...xx...x/2       |1234|1234|1234|1234|1234|1234|1234|…  0
  12  norvel        x..x..x...x..xx...x..x..x...x..x..xx/4       |1234|1234|1234|1234|1234|1234|1234|…  0
  13  norvel        x....x....xx....x....x....x....x....x..…     |1234|1234|1234|1234|1234|1234|1234|…  0
  14  norvel        x...x....x....x....x...x...x....x....x.…     |1234|1234|1234|1234|1234|1234|1234|…  0
  15  norvel        x...x...x...x...x....x....x...x....x...…     |1234|1234|1234|1234|1234|1234|1234|…  0
  16  norvel        x...x...xx....x....x....x....xx...xx...…     |1234|1234|1234|1234|1234|1234|1234|…  1
  17  norvel        xx....x....x....x.....x....x....x....xx…     |1234|1234|1234|1234|1234|1234|1234|…  0
  18  norvel        x...x...x...x....x....x...x...x....x/2       |1234|1234|1234|1234|1234|1234|1234|…  0
  19  norvel        x....x...x....x...x...x...x...x...x...x…     |1234|1234|1234|1234|1234|1234|1234|…  0
  20  norvel        xx..xx..xx...x..x..xx..xx..xxx..x..x...…     |1234|1234|1234|1234|1234|1234|1234|…  0
  21  norvel        x....x....x...xx....x...x...x...xx....x…     |1234|1234|1234|1234|1234|1234|1234|…  0
  22  norvel        x...xx..x...xx..x..xx..x..xxx..x/4           |1234|1234|1234|1234|1234|1234|1234|…  1
  23  norvel        xx...x...x...x...x....x...x...xx...x/3       |1234|1234|1234|1234|1234|1234|1234|…  0
  24  norvel        x...x...xxx....xxx...x...x...x...xx...x…     |1234|1234|1234|1234|1234|1234|1234|…  0
  25  norvel        x..x...x..x...xxx...xx...x..x..x/6           |1234|1234|1234|1234|1234|1234|1234|…  0
  26  norvel        x...x..x...x..x..x..x..x...x/4               |1234|1234|1234|1234|1234|1234|1234|…  0
  27  norvel        xxx....x.....xx....x....x....xx....xx..…     |1234|1234|1234|1234|1234|1234|1234|…  0
  28  norvel        xx...x...x....x....xx...xx...xx...xx...…     |1234|1234|1234|1234|1234|1234|1234|…  0
  29  norvel        x...x..x...x..x..x..x...x..x/6               |1234|1234|1234|1234|1234|1234|1234|…  0
  30  norvel        xxx..xx..x..x..x..xx..x...xx..xx/5           |1234|1234|1234|1234|1234|1234|1234|…  0
  31  norvel        xx..xx..x..x...x..x..x...x..x..x/5           |1234|1234|1234|1234|1234|1234|1234|…  0
  32  norvel        x..x..x...x...x...x...x..x..x..x/6           |1234|1234|1234|1234|1234|1234|1234|…  1
  33  norvel        x....x....x.....x....x....x....x.....x.…     |1234|1234|1234|1234|1234|1234|1234|…  0
  34  norvel        x..x..x...xx..x..xx..x..x..x..x...xx/4       |1234|1234|1234|1234|1234|1234|1234|…  0
  35  norvel        x....x...xxx....xx...xx....x...x...x...…     |1234|1234|1234|1234|1234|1234|1234|…  0
  36  norvel        x...x...x...xxx...x...x...x...x...x....…     |1234|1234|1234|1234|1234|1234|1234|…  0
  37  norvel        x..x..xxx..xxx..x..xx..x...xx...x..x/5       |1234|1234|1234|1234|1234|1234|1234|…  1
  38  norvel        x..x..xx..xx...x..x...xx...x...x/5           |1234|1234|1234|1234|1234|1234|1234|…  1
  39  norvel        x....x....x...x...x....x...x...x/2           |1234|1234|1234|1234|1234|1234|1234|…  0
  40  norvel        x..x...x...x..xx..x...x...x..x..x..x/8       |1234|1234|1234|1234|1234|1234|1234|…  1
  41  norvel        xx...x..x..xx..x...x..xx..x..x..x..x/4       |1234|1234|1234|1234|1234|1234|1234|…  0
  42  norvel        x..x..x..x...x..xx..x..xx..x..x...xx/5       |1234|1234|1234|1234|1234|1234|1234|…  0
  43  norvel        x..x..x..x...x..x..xx..x...x/5               |1234|1234|1234|1234|1234|1234|1234|…  0
  44  norvel        x....x....x....xx....xx....x.....x....x…     |1234|1234|1234|1234|1234|1234|1234|…  0
  45  norvel        xx...x..x..x..x..xx..xxx..x..x...xxx...…     |1234|1234|1234|1234|1234|1234|1234|…  0
  46  norvel        x....xx...x....x....x...xx...x...x....x…     |1234|1234|1234|1234|1234|1234|1234|…  0
  47  norvel        x....x....x....x....x...x....x...x...x.…     |1234|1234|1234|1234|1234|1234|1234|…  0
  48  norvel        x....x...x...x...x...x...x....x...x...x…     |1234|1234|1234|1234|1234|1234|1234|…  0
  49  norvel        x....xxx.....xx....xx.....xxx....x....x…     |1234|1234|1234|1234|1234|1234|1234|…  0
  50  norvel        xxx....xx...x...xx...xx...x...xx...x/3       |1234|1234|1234|1234|1234|1234|1234|…  0
  51  norvel        xx...x...x....x...x...x...x...xx...x/5       |1234|1234|1234|1234|1234|1234|1234|…  0
  52  norvel        xx..x..xx..xx..x..xx...x..xx/4               |1234|1234|1234|1234|1234|1234|1234|…  0
  53  norvel        x.....x....x.....xx.....xx.....xx....x.…     |1234|1234|1234|1234|1234|1234|1234|…  1
  54  norvel        xx...xx...xxx....xx...x....xx....x....x…     |1234|1234|1234|1234|1234|1234|1234|…  1
  55  norvel        xx..x..x..x..x..x...xx..xx..x..x...x/4       |1234|1234|1234|1234|1234|1234|1234|…  1
  56  norvel        xxx...x..x..x..xx...xxx..x..xx..x...x..…     |1234|1234|1234|1234|1234|1234|1234|…  1
  57  norvel        xx....xx....xx....xxx.....xx....x....x.…     |1234|1234|1234|1234|1234|1234|1234|…  0
  58  norvel        x..xx...xx...xxx..x..xx..xx..x..x...x..…     |1234|1234|1234|1234|1234|1234|1234|…  1
  59  norvel        x..xx...xx..xxx..x...x..x..x..x..xx...x…     |1234|1234|1234|1234|1234|1234|1234|…  0
  60  norvel        x...x...x...x...x...x....xx....x....x..…     |1234|1234|1234|1234|1234|1234|1234|…  0
  61  norvel        x...xx...x...x...x...x....x...x...xx...…     |1234|1234|1234|1234|1234|1234|1234|…  1
  62  norvel        xx...x...xx....x....x...xx....x....x/5       |1234|1234|1234|1234|1234|1234|1234|…  1
  63  norvel        x....x....x....x.....x....x.....x....x.…     |1234|1234|1234|1234|1234|1234|1234|…  0
  64  norvel        x...x...x..xx...x...xx..x..x...x...x...…     |1234|1234|1234|1234|1234|1234|1234|…  1
  65  norvel        x..xx..xxx..x..x...x..x..x..x..x/7           |1234|1234|1234|1234|1234|1234|1234|…  1
  66  norvel        x...xx...x...x...xx...xxx....xx...xx...…     |1234|1234|1234|1234|1234|1234|1234|…  0
  67  norvel        x...x...x...x....x...x...x...x....xx/3       |1234|1234|1234|1234|1234|1234|1234|…  0
  68  norvel        x....xx...xx...x....x...xxx....xx....x.…     |1234|1234|1234|1234|1234|1234|1234|…  0
  69  norvel        x...x...x...x....x...x...x...x....x...x…     |1234|1234|1234|1234|1234|1234|1234|…  1
  70  norvel        xxx.....x....xx....xxx....xx....x....x.…     |1234|1234|1234|1234|1234|1234|1234|…  0
  71  norvel        xxx..x..x..xx...x..x..x..x...x..x..x/7       |1234|1234|1234|1234|1234|1234|1234|…  0
  72  norvel        x...xx..x..x...x..x..x...xxx/2               |1234|1234|1234|1234|1234|1234|1234|…  1
  73  norvel        xx...xxx....xx...xx...x...x....x....xx.…     |1234|1234|1234|1234|1234|1234|1234|…  1
  74  norvel        x..xx..x..x...x...x..x..x...x..x/5           |1234|1234|1234|1234|1234|1234|1234|…  0
  75  norvel        x...x....xx...x...x...xxx....x...x...xx…     |1234|1234|1234|1234|1234|1234|1234|…  0
  76  norvel        x.....x.....x....x....x....x.....x.....…     |1234|1234|1234|1234|1234|1234|1234|…  0
  77  norvel        x...xx...x....x....x...x....x....xx...x…     |1234|1234|1234|1234|1234|1234|1234|…  0
  78  norvel        x..x...xx...x..x..xx...xx..xx..x/2           |1234|1234|1234|1234|1234|1234|1234|…  0
  79  norvel        x...x..x...x...x..x..x...x..x...x..x/7       |1234|1234|1234|1234|1234|1234|1234|…  0
  80  norvel        x...x...x...xx....xx....xx...xx...x...x…     |1234|1234|1234|1234|1234|1234|1234|…  1
  81  norvel        xx...x...x....x...x...x...x...xx...x/6       |1234|1234|1234|1234|1234|1234|1234|…  0
  82  norvel        xx...x....xx...x...x...xx....xx....x/2       |1234|1234|1234|1234|1234|1234|1234|…  0
  83  norvel        x...x...x...x...x....x...x...xxx/3           |1234|1234|1234|1234|1234|1234|1234|…  0
  84  norvel        x...xx..x..x...x...x..xx..xx/5               |1234|1234|1234|1234|1234|1234|1234|…  1
  85  norvel        xx....x....xxx...xxx....xx...x...x...x.…     |1234|1234|1234|1234|1234|1234|1234|…  0
  86  norvel        xxx...x..x...x...x..x...x..x..xx..x...x…     |1234|1234|1234|1234|1234|1234|1234|…  0
  87  norvel        x..xx..xx...x..x..x..x..x...x..x/4           |1234|1234|1234|1234|1234|1234|1234|…  0
  88  norvel        x..xx..x...x..x..x..x...x..xxx..xx...xx…     |1234|1234|1234|1234|1234|1234|1234|…  0
  89  norvel        x...x....x...x...x...x....x....x...x/2       |1234|1234|1234|1234|1234|1234|1234|…  0
  90  norvel        xxx....x....x....x....x....x...x...x...…     |1234|1234|1234|1234|1234|1234|1234|…  0
  91  norvel        x...xx....x....x...x...x....xx....x...x…     |1234|1234|1234|1234|1234|1234|1234|…  0
  92  norvel        xx..x..xx..x..x..xxx..xx..x..xx...xx/7       |1234|1234|1234|1234|1234|1234|1234|…  1
  93  norvel        x....x.....x....x.....x....x....x....x.…     |1234|1234|1234|1234|1234|1234|1234|…  0
  94  norvel        x..x..x..x...x..x..x..x..x..x..x/4           |1234|1234|1234|1234|1234|1234|1234|…  0
  95  norvel        xx...xx...xx...x...xxx...x....x...xx...…     |1234|1234|1234|1234|1234|1234|1234|…  0
  96  norvel        x...x...xx...xx....x...x....x...x...xx.…     |1234|1234|1234|1234|1234|1234|1234|…  0
  97  norvel        xx...x...xx...xx..xx...xxx..x...x..x/2       |1234|1234|1234|1234|1234|1234|1234|…  0
  98  norvel        x..x..x...x...x...x..x...x...x..x..x/8       |1234|1234|1234|1234|1234|1234|1234|…  1
  99  norvel        x...x...x...x...x....x...xx...x....x...…     |1234|1234|1234|1234|1234|1234|1234|…  0
 100  norvel        x...x....x...x...x...x....x...x...x....…     |1234|1234|1234|1234|1234|1234|1234|…  1
 101  norvel        x..x..x...x...x..xx...xx..x..x..x..x/4       |1234|1234|1234|1234|1234|1234|1234|…  0
 102  norvel        x...x....x...x....x...x...x...xx/3           |1234|1234|1234|1234|1234|1234|1234|…  0
 103  norvel        x...x...xxx...x...x...xxx..x..xx/4           |1234|1234|1234|1234|1234|1234|1234|…  0
 104  norvel        x....x....x....x...x...x...x...x...x...…     |1234|1234|1234|1234|1234|1234|1234|…  0
 105  norvel        xx...x..x..x..x..x...x...x..xx..x..x/4       |1234|1234|1234|1234|1234|1234|1234|…  0
 106  norvel        xxx...x....xx....xx....xx....x...x...x.…     |1234|1234|1234|1234|1234|1234|1234|…  0
 107  norvel        x...xx....x....x....x....x...x...x...x.…     |1234|1234|1234|1234|1234|1234|1234|…  0
 108  norvel        x..xx..x..xx...xx..x...x...x/2               |1234|1234|1234|1234|1234|1234|1234|…  0
 109  norvel        x..x..x...x...x..x..x..x...x/2               |1234|1234|1234|1234|1234|1234|1234|…  0
 110  norvel        xx...x...x...xx...xx...xx....x...x...x.…     |1234|1234|1234|1234|1234|1234|1234|…  0
 111  norvel        x...xx...x...x....x....x...x...xx....xx…     |1234|1234|1234|1234|1234|1234|1234|…  0
 112  norvel        xx...x...xxx..xx..x..xx..x...xx...xx...…     |1234|1234|1234|1234|1234|1234|1234|…  1
 113  norvel        x...x...x....xx...xx...x...x...x...x...…     |1234|1234|1234|1234|1234|1234|1234|…  1
 114  norvel        x...xxx...x..x...x...x..x..x/2               |1234|1234|1234|1234|1234|1234|1234|…  1
 115  norvel        xx..x..xx..x..xx...x..x..xxx/5               |1234|1234|1234|1234|1234|1234|1234|…  0
 116  norvel        x...x...x..x..x...x..x..x..x/4               |1234|1234|1234|1234|1234|1234|1234|…  0
 117  norvel        x..x...x..x...x..x..x...x...x..x/6           |1234|1234|1234|1234|1234|1234|1234|…  0
 118  norvel        xx..x..x...xxx..x..xx...x..x..xx/4           |1234|1234|1234|1234|1234|1234|1234|…  1
 119  norvel        x...x....x...x...x...x...xx...x....x...…     |1234|1234|1234|1234|1234|1234|1234|…  0
 120  norvel        x....x....x...x....x...x....x....x....x…     |1234|1234|1234|1234|1234|1234|1234|…  0
 121  norvel        x...x..x..xx..x..x..xx..x..xx..x/7           |1234|1234|1234|1234|1234|1234|1234|…  1
 122  norvel        x...x....x...x....x...x...x...x...xx/5       |1234|1234|1234|1234|1234|1234|1234|…  0
 123  norvel        x....xx...x...xx...xxx...x...x...x...xx…     |1234|1234|1234|1234|1234|1234|1234|…  0
 124  norvel        x....xx....xx.....xx....xx....xx....x..…     |1234|1234|1234|1234|1234|1234|1234|…  0
 125  norvel        x....x...x...x...x....x....x...x/5           |1234|1234|1234|1234|1234|1234|1234|…  0
 126  norvel        x...x...x....x...x...x....x...x....x...…     |1234|1234|1234|1234|1234|1234|1234|…  1
 127  norvel        x....xx....x...x...x...xx...x....xx....…     |1234|1234|1234|1234|1234|1234|1234|…  0
 128  norvel        x...xx...xx...xx....xx...xx...xx...x...…     |1234|1234|1234|1234|1234|1234|1234|…  1
 129  norvel        xx.....x.....x....x.....x.....xx....x..…     |1234|1234|1234|1234|1234|1234|1234|…  0
 130  norvel        xxx..xx..x..xxx..x...xx..x..x..x...x/5       |1234|1234|1234|1234|1234|1234|1234|…  1
 131  norvel        x....x...xxx...x....xx....x....x...x/2       |1234|1234|1234|1234|1234|1234|1234|…  0
 132  norvel        x...x....x....x...x...x...x....x/5           |1234|1234|1234|1234|1234|1234|1234|…  1
 133  norvel        x..x..x...x..xx...x..x..xx...x..x..x/6       |1234|1234|1234|1234|1234|1234|1234|…  1
 134  norvel        x....x...xx....x....xx...xx....x...x...…     |1234|1234|1234|1234|1234|1234|1234|…  0
 135  norvel        x..x...x..x...x..x..x..x...x/4               |1234|1234|1234|1234|1234|1234|1234|…  0
 136  norvel        x...x...x...x...x....x....x...x...x....…     |1234|1234|1234|1234|1234|1234|1234|…  0
 137  norvel        x....x...x...x...x....x...x...xx...x...…     |1234|1234|1234|1234|1234|1234|1234|…  0
 138  norvel        xxx...x...x....xx....x...x....x....x...…     |1234|1234|1234|1234|1234|1234|1234|…  0
 139  norvel        x...x...x...x...x....x...x....x....x/2       |1234|1234|1234|1234|1234|1234|1234|…  0
 140  norvel        x..xx..x..x..xx..x..x..x..x...x..xxx/4       |1234|1234|1234|1234|1234|1234|1234|…  0
 141  norvel        x....x....x....xxx....x.....xx....xx...…     |1234|1234|1234|1234|1234|1234|1234|…  1
 142  norvel        x...x..xx..x..x...x..x..x..x...x...x/5       |1234|1234|1234|1234|1234|1234|1234|…  0
 143  norvel        xx.....xxx.....x....x.....x.....xx....x…     |1234|1234|1234|1234|1234|1234|1234|…  0
 144  norvel        x...x..x...x...xxx...x..x..x...x/6           |1234|1234|1234|1234|1234|1234|1234|…  0
 145  norvel        x....x....x....xx...x...x...x...x....x.…     |1234|1234|1234|1234|1234|1234|1234|…  1
 146  norvel        x...x...xx...x...xx....xx...xx...x....x…     |1234|1234|1234|1234|1234|1234|1234|…  0
 147  norvel        x..xxx..x...xx..xx..xx...x..x..xx..x/4       |1234|1234|1234|1234|1234|1234|1234|…  0
 148  norvel        xx...xx...xx...xx...x...x...x...x....xx…     |1234|1234|1234|1234|1234|1234|1234|…  0
 149  norvel        xx..xx..x..x..x..xx..x..x...x...x..x/4       |1234|1234|1234|1234|1234|1234|1234|…  0
 150  norvel        x...x...x...x...x...x....x...x...x....x…     |1234|1234|1234|1234|1234|1234|1234|…  0
 151  norvel        xx...x...x..x..x..x..x..x..x/4               |1234|1234|1234|1234|1234|1234|1234|…  0
 152  norvel        x..xx..xxx..x..xxx..x...x..x/5               |1234|1234|1234|1234|1234|1234|1234|…  0
 153  norvel        x...x...x..xx..x...x...xx...x..xx..x/6       |1234|1234|1234|1234|1234|1234|1234|…  1
 154  norvel        x....x...x...x...x....x...x...x...xx/3       |1234|1234|1234|1234|1234|1234|1234|…  0
 155  norvel        x...x....x...xx...xxx...x....x...x....x…     |1234|1234|1234|1234|1234|1234|1234|…  0
 156  norvel        x..x...x..xx..x..xx...x...xx..xx/2           |1234|1234|1234|1234|1234|1234|1234|…  0
 157  norvel        x...xx....x...x....xx....x....xx...x/2       |1234|1234|1234|1234|1234|1234|1234|…  0
 158  norvel        x...x..x..x...x...x..x..x...x..x/7           |1234|1234|1234|1234|1234|1234|1234|…  0
 159  norvel        xx...x..x..x...x..x...x...xx..x...xx..x…     |1234|1234|1234|1234|1234|1234|1234|…  0
 160  norvel        xxx...x...x...x....x....x....x...xx...x…     |1234|1234|1234|1234|1234|1234|1234|…  0
 161  norvel        x..x..x..xx..xx...x..x..x..x/6               |1234|1234|1234|1234|1234|1234|1234|…  0
 162  norvel        x..x..x...x..x..x..x...xx...xx..x..x/5       |1234|1234|1234|1234|1234|1234|1234|…  0
 163  norvel        xxx..x...x..xx..x..x..x..xx..xx..xxx/6       |1234|1234|1234|1234|1234|1234|1234|…  0
 164  norvel        xxx...x...xx....xx...x...x....x....x...…     |1234|1234|1234|1234|1234|1234|1234|…  1
 165  norvel        x..x..x...x..xx..x...x...x..xx..x..x/8       |1234|1234|1234|1234|1234|1234|1234|…  0
 166  norvel        x..xxx...x..x..xx..x...xxx..xx..x..xx..…     |1234|1234|1234|1234|1234|1234|1234|…  0
 167  norvel        x....x...xx...x...xxx...xx...xx...xx/2       |1234|1234|1234|1234|1234|1234|1234|…  0
 168  norvel        x....xx....x....x...x....x....xx...x...…     |1234|1234|1234|1234|1234|1234|1234|…  0
 169  norvel        x...x...xx...x....xx....x....x....xx/5       |1234|1234|1234|1234|1234|1234|1234|…  0
 170  norvel        x...x..xx..xx...x..x...xx..x/5               |1234|1234|1234|1234|1234|1234|1234|…  1
 171  norvel        x...xx...x....xx....x...x...xx....xxx..…     |1234|1234|1234|1234|1234|1234|1234|…  0
 172  norvel        x...x....xx...xx...x...x....x....x....x…     |1234|1234|1234|1234|1234|1234|1234|…  0
 173  norvel        x....x....x...x...x...x...x....x/2           |1234|1234|1234|1234|1234|1234|1234|…  0
 174  norvel        xx....x....xx...xx...xx...x...xx...xxx.…     |1234|1234|1234|1234|1234|1234|1234|…  0
 175  norvel        xx...xx...x....xxx...x...x....xx....xx.…     |1234|1234|1234|1234|1234|1234|1234|…  0
 176  norvel        xx..x..xx..xx..x..x..x...xxx..xx/5           |1234|1234|1234|1234|1234|1234|1234|…  0
 177  norvel        x...x....x...x...xx...x...x...x...xx/6       |1234|1234|1234|1234|1234|1234|1234|…  0
 178  norvel        x..x..x..x..x..x..x...x..x..x..x/4           |1234|1234|1234|1234|1234|1234|1234|…  0
 179  norvel        x..x..x...xx..x...x...x...x..x..x..x/8       |1234|1234|1234|1234|1234|1234|1234|…  0
 180  norvel        x...xx....x...x...x...x...x...x....x...…     |1234|1234|1234|1234|1234|1234|1234|…  0
 181  norvel        x....x....x.....x....x....x....xxx....x…     |1234|1234|1234|1234|1234|1234|1234|…  1
 182  norvel        xx..xx..xx..xx..x...xx..x..x...x/5           |1234|1234|1234|1234|1234|1234|1234|…  0
 183  norvel        x....x....x....x.....x.....x....x....x.…     |1234|1234|1234|1234|1234|1234|1234|…  0
 184  norvel        x..x...xxx...xxx..x..x...xx..x..x..x..x…     |1234|1234|1234|1234|1234|1234|1234|…  0
 185  norvel        x....x...x....xx...x...x....xxx....x...…     |1234|1234|1234|1234|1234|1234|1234|…  0
 186  norvel        xx...x...x...xx...xx....x...xx...x...x.…     |1234|1234|1234|1234|1234|1234|1234|…  0
 187  norvel        xx..x...xxx...xx..x..xxx...xx..x...x/5       |1234|1234|1234|1234|1234|1234|1234|…  0
 188  norvel        x....x....x.....x.....x.....xxx....x...…     |1234|1234|1234|1234|1234|1234|1234|…  0
 189  norvel        xx....x...x...xxx...x...xx...x...x...xx…     |1234|1234|1234|1234|1234|1234|1234|…  0
 190  norvel        x....x...x...x...x...x...x....x...x....…     |1234|1234|1234|1234|1234|1234|1234|…  1
 191  norvel        x...x...x...x...xx....x...xx....x....x.…     |1234|1234|1234|1234|1234|1234|1234|…  0
 192  norvel        x...xx...x....x...x....xxx...x...xx...x…     |1234|1234|1234|1234|1234|1234|1234|…  0
 193  norvel        x.....x....x....x.....x....x....xxx....…     |1234|1234|1234|1234|1234|1234|1234|…  0
 194  norvel        x...x...x...x....x...x...x....x...x...x…     |1234|1234|1234|1234|1234|1234|1234|…  0
 195  norvel        x....xx...xxx....x....x....x....x...xx.…     |1234|1234|1234|1234|1234|1234|1234|…  0
 196  norvel        x...x...xxx...x....x....xxx....xx....xx…     |1234|1234|1234|1234|1234|1234|1234|…  0
 197  norvel        x...x..x..x...x...x..x..x..x..xxx..x/4       |1234|1234|1234|1234|1234|1234|1234|…  0
 198  norvel        x....x....x....xx.....x.....x....x....x…     |1234|1234|1234|1234|1234|1234|1234|…  0
 199  norvel        x...xx...x....x...x...x...x....x...x/5       |1234|1234|1234|1234|1234|1234|1234|…  0
 200  norvel        x..x..xx..x...x..x..x..x..xxx..x..xx/8       |1234|1234|1234|1234|1234|1234|1234|…  1
 201  norvel        x..x..x..x..x..x..x...x..x..x..x/6           |1234|1234|1234|1234|1234|1234|1234|…  0
 202  norvel        x...xxx...x..x...x..x..xx..x...x/5           |1234|1234|1234|1234|1234|1234|1234|…  1
 203  norvel        x...x..x...x...x...x...x...x...x/6           |1234|1234|1234|1234|1234|1234|1234|…  0
 204  norvel        x..x..x..xx..xx...x...xx...x..xx...x/6       |1234|1234|1234|1234|1234|1234|1234|…  0
 205  norvel        x....x....x....xx....xx...xx....xx...xx…     |1234|1234|1234|1234|1234|1234|1234|…  0
 206  norvel        x..xx..x..x..xx..x..x...x..x...x..xx/4       |1234|1234|1234|1234|1234|1234|1234|…  0
 207  norvel        x..xx..xx...x...xx..xx..x..x..xx/4           |1234|1234|1234|1234|1234|1234|1234|…  0
 208  norvel        x...x...x...xx...x...x...x....x....x...…     |1234|1234|1234|1234|1234|1234|1234|…  0
 209  norvel        x...xx....xx....xxx...x...x....xx...xxx…     |1234|1234|1234|1234|1234|1234|1234|…  0
 210  norvel        x..x...x...xx..x..xx...x..x..x..x..x/8       |1234|1234|1234|1234|1234|1234|1234|…  1
 211  norvel        xx.....x.....xx....x....xx....xx.....xx…     |1234|1234|1234|1234|1234|1234|1234|…  0
 212  norvel        x...x..xx..xx..x..x...x..x..xx..x..x/7       |1234|1234|1234|1234|1234|1234|1234|…  0
 213  norvel        x....x...x...x....x...x...xx...x...x/5       |1234|1234|1234|1234|1234|1234|1234|…  0
 214  norvel        x...x...x....x...x....x...x...x....x/2       |1234|1234|1234|1234|1234|1234|1234|…  0
 215  norvel        x...x...x...x...x...x...x....x....x....…     |1234|1234|1234|1234|1234|1234|1234|…  0
 216  norvel        xx..x...x...x..xx..x..x...xx...x/2           |1234|1234|1234|1234|1234|1234|1234|…  1
 217  norvel        x.....x....x....x....x....x....x....x..…     |1234|1234|1234|1234|1234|1234|1234|…  1
 218  norvel        x..x..xx..x...x..x..xx...x..x..xx..x/5       |1234|1234|1234|1234|1234|1234|1234|…  0
 219  norvel        x..x..x...xx..x..x...x..x..x..xx/4           |1234|1234|1234|1234|1234|1234|1234|…  0
 220  norvel        x..x..xx..x..xx..x..xx..x..x...x..xx/5       |1234|1234|1234|1234|1234|1234|1234|…  0
 221  norvel        x...x...x....x...xx....x....x...xxx....…     |1234|1234|1234|1234|1234|1234|1234|…  0
 222  norvel        xx...x..x..x...x..x..x..x..x..xx/5           |1234|1234|1234|1234|1234|1234|1234|…  0
 223  norvel        x...xx...x...x...x...x...x...xx....x/5       |1234|1234|1234|1234|1234|1234|1234|…  0
 224  norvel        x...x..x..x..x...x...x..x...x..x...x/7       |1234|1234|1234|1234|1234|1234|1234|…  0
 225  norvel        xxx..x..x..xx..x..xx..x..x...x...xx..xx…     |1234|1234|1234|1234|1234|1234|1234|…  0
 226  norvel        x....xx....xx....xx....xx...x...xxx...x…     |1234|1234|1234|1234|1234|1234|1234|…  0
 227  norvel        xx....x....x....xx....x.....x....x....x…     |1234|1234|1234|1234|1234|1234|1234|…  0
 228  norvel        xx..x..xxx..x...xx...xxx..x..x..xx..x..…     |1234|1234|1234|1234|1234|1234|1234|…  0
 229  norvel        xx...x...x....x....x...xx...xxx....x...…     |1234|1234|1234|1234|1234|1234|1234|…  0
 230  norvel        x....x...xx...x....xx...xx...x...x...x.…     |1234|1234|1234|1234|1234|1234|1234|…  0
 231  norvel        x....x...xx...xx....x....x....x....x...…     |1234|1234|1234|1234|1234|1234|1234|…  0
 232  norvel        x..xx..xx...xx..xx..x..x..x..xx..xxx/4       |1234|1234|1234|1234|1234|1234|1234|…  1
 233  norvel        xx...x....x...x...xx....x...x....x...x.…     |1234|1234|1234|1234|1234|1234|1234|…  0
 234  norvel        x..xxx..x...x..x..x..x..x..x..xx/4           |1234|1234|1234|1234|1234|1234|1234|…  0
 235  norvel        xx...xx..x...x..x..x..x..x...x..x..x/4       |1234|1234|1234|1234|1234|1234|1234|…  0
 236  norvel        x....x....x....x.....x.....x....x.....x…     |1234|1234|1234|1234|1234|1234|1234|…  1
 237  norvel        x..x...x...x...x..x...x..x...x..x..x/8       |1234|1234|1234|1234|1234|1234|1234|…  0
 238  norvel        xxx..x..xx..x..x...xx...x..x..x...x...x…     |1234|1234|1234|1234|1234|1234|1234|…  0
 239  norvel        xxx....xx....x....xx....x.....xx....xx.…     |1234|1234|1234|1234|1234|1234|1234|…  0
 240  norvel        x..x..xxx..x..xx..x..x...x..x..x/4           |1234|1234|1234|1234|1234|1234|1234|…  1
 241  norvel        x...x..xx..xx..x...x...x...x/5               |1234|1234|1234|1234|1234|1234|1234|…  0
 242  norvel        x...x...x..x..x..x..x..xx..xx..x...x/4       |1234|1234|1234|1234|1234|1234|1234|…  0
 243  norvel        xx.....x....x....xxx....xx....x....xx..…     |1234|1234|1234|1234|1234|1234|1234|…  0
 244  norvel        xx...xx..x..xx..x..x...x...x/5               |1234|1234|1234|1234|1234|1234|1234|…  1
 245  norvel        x..xx..xx..x...x..xx..xx..x..xx...xxx..…     |1234|1234|1234|1234|1234|1234|1234|…  0
 246  norvel        xx...xx...x...xx...xx...xx....x...x...x…     |1234|1234|1234|1234|1234|1234|1234|…  0
 247  norvel        x..xx...x..xxx...xxx...x..x..x..x...x..…     |1234|1234|1234|1234|1234|1234|1234|…  0
 248  norvel        x....xxx...x....x...x....x...x....x...x…     |1234|1234|1234|1234|1234|1234|1234|…  1
 249  norvel        x....x....xx....xx....xx.....x....x....…     |1234|1234|1234|1234|1234|1234|1234|…  0
 250  norvel        x..x..xx...x..x..x...x..x..x/4               |1234|1234|1234|1234|1234|1234|1234|…  0
 251  norvel        xx...xx....x...x...xxx....x...x....x...…     |1234|1234|1234|1234|1234|1234|1234|…  0
 252  norvel        x...x...xx...xx...x...xx....x...x...xxx…     |1234|1234|1234|1234|1234|1234|1234|…  0
 253  norvel        xx...x...x..x..x..x..xxx..xx...x/4           |1234|1234|1234|1234|1234|1234|1234|…  1
 254  norvel        x...x....xx...x...x....xx....x...xx....…     |1234|1234|1234|1234|1234|1234|1234|…  0
 255  norvel        x...x....x...x....x...x....x...x/5           |1234|1234|1234|1234|1234|1234|1234|…  0
 256  norvel        x.....x....x....x....x....xx.....x.....…     |1234|1234|1234|1234|1234|1234|1234|…  0
 257  norvel        x....x...x...xx...xx....x....xx...x....…     |1234|1234|1234|1234|1234|1234|1234|…  0
 258  norvel        xx...x....x...x...x....xx....x...x....x…     |1234|1234|1234|1234|1234|1234|1234|…  0
 259  norvel        x..xx..x..x..x...x...x..x..x...x/7           |1234|1234|1234|1234|1234|1234|1234|…  0
 260  norvel        x..x..xx..x...x..xx..x..x..x/4               |1234|1234|1234|1234|1234|1234|1234|…  0
 261  norvel        x..x...x...x..x..x...x..x..x/6               |1234|1234|1234|1234|1234|1234|1234|…  0
 262  norvel        x...x..x..x..x..x...xx..x..x/5               |1234|1234|1234|1234|1234|1234|1234|…  0
 263  norvel        x...x...x...x..x..x..xx..x..x..x/7           |1234|1234|1234|1234|1234|1234|1234|…  0
 264  norvel        x..xx..xx..x..x..x...x..x..x..xx/6           |1234|1234|1234|1234|1234|1234|1234|…  1
 265  norvel        x...x..x...x...x..x..x..x..x/2               |1234|1234|1234|1234|1234|1234|1234|…  0
 266  norvel        x....x....x....x....x....x....x....x...…     |1234|1234|1234|1234|1234|1234|1234|…  0
 267  norvel        x...x...x..x...x...x...x...x...x/5           |1234|1234|1234|1234|1234|1234|1234|…  0
 268  norvel        x...xx...xx....x...xx...xx...x...xxx...…     |1234|1234|1234|1234|1234|1234|1234|…  0
 269  norvel        x.....x.....x.....x....x....x....x....x…     |1234|1234|1234|1234|1234|1234|1234|…  0
 270  norvel        xx....xx...xx...x....x...x...x....x....…     |1234|1234|1234|1234|1234|1234|1234|…  0
 271  norvel        x..x...x...x..x...x..x..x..x/2               |1234|1234|1234|1234|1234|1234|1234|…  0
 272  norvel        xx...x...x....x...xx...xxx...xx...x...x…     |1234|1234|1234|1234|1234|1234|1234|…  1
 273  norvel        x.....x.....x....x....x....x.....x....x…     |1234|1234|1234|1234|1234|1234|1234|…  0
 274  norvel        xx....x....xx...xx...x...x...xx....x...…     |1234|1234|1234|1234|1234|1234|1234|…  0
 275  norvel        xxx..xx..x...x..xx..x...xx...x..x..x/5       |1234|1234|1234|1234|1234|1234|1234|…  0
 276  norvel        x....x....xx.....x....x.....x....x.....…     |1234|1234|1234|1234|1234|1234|1234|…  0
 277  norvel        x...x...x...x....x...x....x....x...x...…     |1234|1234|1234|1234|1234|1234|1234|…  0
 278  norvel        xx....xx...x...x....x...x....x...x...x.…     |1234|1234|1234|1234|1234|1234|1234|…  0
 279  norvel        xx....x...x...x...x...x...x...xx/2           |1234|1234|1234|1234|1234|1234|1234|…  0
 280  norvel        xx...x...x...x....x...xx...x...x/5           |1234|1234|1234|1234|1234|1234|1234|…  0
 281  norvel        x..x...x..x..x...xx...x..x..x..x/5           |1234|1234|1234|1234|1234|1234|1234|…  1
 282  norvel        x....x...x...x...x....xx....x....x....x…     |1234|1234|1234|1234|1234|1234|1234|…  0
 283  norvel        x...x....x...x...x....x...x...x...x....…     |1234|1234|1234|1234|1234|1234|1234|…  0
 284  norvel        xx....xx....x....x....x.....xxx....xx..…     |1234|1234|1234|1234|1234|1234|1234|…  0
 285  norvel        x...x...x..x...x..x..x..x..x/4               |1234|1234|1234|1234|1234|1234|1234|…  1
 286  norvel        x..x..x..x..x..xx..x...x...x..xx/5           |1234|1234|1234|1234|1234|1234|1234|…  0
 287  norvel        x....x....x....x....xx....x....x.....x.…     |1234|1234|1234|1234|1234|1234|1234|…  0
 288  norvel        xx...x...x...x...x...x...x....xx/3           |1234|1234|1234|1234|1234|1234|1234|…  0
 289  norvel        xx...x...x..x...x..xx..x..x..x...xxx/7       |1234|1234|1234|1234|1234|1234|1234|…  1
 290  norvel        x...x...xxx...x...xx....xx...xx...xx...…     |1234|1234|1234|1234|1234|1234|1234|…  0
 291  norvel        x....x...x....x...x...x...x....xx...xx.…     |1234|1234|1234|1234|1234|1234|1234|…  0
 292  norvel        x...x...xx...xx...x....x...x...x...x/3       |1234|1234|1234|1234|1234|1234|1234|…  0
 293  norvel        x..x..x..x..xx...xxx...xxx..x..xxx..x..…     |1234|1234|1234|1234|1234|1234|1234|…  0
 294  norvel        x...x..x..xx...x..x...x..x..x..x/5           |1234|1234|1234|1234|1234|1234|1234|…  0
 295  norvel        xx..x...x..xx...xxx..x..x..x/4               |1234|1234|1234|1234|1234|1234|1234|…  0
 296  norvel        xx..xx...xx..x..xx..x..xx...xx..x..x...…     |1234|1234|1234|1234|1234|1234|1234|…  0
 297  norvel        x..xx...xx..xx...xx..x..xx..x..x...x/4       |1234|1234|1234|1234|1234|1234|1234|…  1
 298  norvel        x....x....x....x...x...x...x...x/2           |1234|1234|1234|1234|1234|1234|1234|…  0
 299  norvel        x.....x....x....xx....x....x....x....x.…     |1234|1234|1234|1234|1234|1234|1234|…  0
 300  norvel        x..x...x..x...x...x...xx...x...x...x...…     |1234|1234|1234|1234|1234|1234|1234|…  0
 301  norvel        xx....x...xx...x...xxx...xx...x...x...x…     |1234|1234|1234|1234|1234|1234|1234|…  0
 302  norvel        x.....x....x....x....x.....x....x.....x…     |1234|1234|1234|1234|1234|1234|1234|…  0
 303  norvel        x....x...x...x...xx....xx....x....xx/5       |1234|1234|1234|1234|1234|1234|1234|…  0
 304  norvel        x...x...x...x...x...x....xx...x...xx...…     |1234|1234|1234|1234|1234|1234|1234|…  0
 305  norvel        xx...xx..xx...xx..x..x..x..xx..x/5           |1234|1234|1234|1234|1234|1234|1234|…  0
 306  norvel        x...x....xx...x....x....xx....x....x...…     |1234|1234|1234|1234|1234|1234|1234|…  0
 307  norvel        xx....xx....x...x...x...x...x....xx...x…     |1234|1234|1234|1234|1234|1234|1234|…  0
 308  norvel        xx...x....x...x....x...x...xx....xx....…     |1234|1234|1234|1234|1234|1234|1234|…  1
 309  norvel        x..xx..x..xx...x..x...xx...x..x...xx/7       |1234|1234|1234|1234|1234|1234|1234|…  0
 310  norvel        x...x...x....x...xx...x....x...x...x...…     |1234|1234|1234|1234|1234|1234|1234|…  0
 311  norvel        x..x..x..x..x...x...x...x..x/4               |1234|1234|1234|1234|1234|1234|1234|…  0
 312  norvel        x....xx...x...x...x...x...x...xx...x/3       |1234|1234|1234|1234|1234|1234|1234|…  1
 313  norvel        xx...x...x...x...x....xx...x...x/5           |1234|1234|1234|1234|1234|1234|1234|…  0
 314  norvel        x..xx..x..xx..xx..x..xx...xx..x...xx..x…     |1234|1234|1234|1234|1234|1234|1234|…  1
 315  norvel        x...x...xx....xx...xxx....x...x....x/2       |1234|1234|1234|1234|1234|1234|1234|…  0
 316  norvel        x..x..xx..x..x..xx..x...x..x...x/6           |1234|1234|1234|1234|1234|1234|1234|…  0
 317  norvel        x...x...xx....x...xx....x...x...x....xx…     |1234|1234|1234|1234|1234|1234|1234|…  1
 318  norvel        x..xx..x...x..x...xxx..xx..x..xx...x...…     |1234|1234|1234|1234|1234|1234|1234|…  0
 319  norvel        x...x..x..x..xx..xxx...x..x..xxx..xx...…     |1234|1234|1234|1234|1234|1234|1234|…  0
 320  norvel        xxx..x..x..x..x..x...x..x..x/5               |1234|1234|1234|1234|1234|1234|1234|…  0
 321  norvel        x..xxx..x...xx...x...x..x...x...x..x/7       |1234|1234|1234|1234|1234|1234|1234|…  1
 322  norvel        x....x.....x.....x....x....x....x.....x…     |1234|1234|1234|1234|1234|1234|1234|…  0
 323  norvel        xx.....xxx....x....x....xxx....x....x..…     |1234|1234|1234|1234|1234|1234|1234|…  0
 324  norvel        xx....x....x....xx.....x....xxx....xxx.…     |1234|1234|1234|1234|1234|1234|1234|…  0
 325  norvel        x...xx...x...xx...x...xx...x...x....xxx…     |1234|1234|1234|1234|1234|1234|1234|…  0
 326  norvel        x...x....xx....xx....xx....xx...xxx...x…     |1234|1234|1234|1234|1234|1234|1234|…  0
 327  norvel        xx..xxx..x..x...x...xx..x...x..x...x/6       |1234|1234|1234|1234|1234|1234|1234|…  0
 328  norvel        xx...x....x....x...x...x...xx...xx...xx…     |1234|1234|1234|1234|1234|1234|1234|…  1
 329  norvel        x...x..x..xx...x..x...xx..x..x..x..x/8       |1234|1234|1234|1234|1234|1234|1234|…  1
 330  norvel        x....xx....x...xx....xx...x...x...x...x…     |1234|1234|1234|1234|1234|1234|1234|…  0
 331  norvel        xxx...x...x...x....x...xxx....xx...x/3       |1234|1234|1234|1234|1234|1234|1234|…  0
 332  norvel        x..x..xx..x...xx...x...xx...x..x/2           |1234|1234|1234|1234|1234|1234|1234|…  0
 333  norvel        xx...x...x...x...x...x..x..x/4               |1234|1234|1234|1234|1234|1234|1234|…  0
 334  norvel        x..x..xx..x..x..x..x...x...x..x...xx/4       |1234|1234|1234|1234|1234|1234|1234|…  0
 335  norvel        x...xx...xx..x...x..xx..x..xxx..x..x/7       |1234|1234|1234|1234|1234|1234|1234|…  1
 336  norvel        x.....x....x....x.....x....x....x....x.…     |1234|1234|1234|1234|1234|1234|1234|…  1
 337  norvel        x...x...x...x...x...x...x...xx....xx/2       |1234|1234|1234|1234|1234|1234|1234|…  0
 338  norvel        xxx..xx..x...x..x...xxx...x..xxx/2           |1234|1234|1234|1234|1234|1234|1234|…  0
 339  norvel        xx..x..xxx..xx..xx..x..x...xx..x..xx/4       |1234|1234|1234|1234|1234|1234|1234|…  0
 340  norvel        x....x.....x....xx....xx....xxx.....x..…     |1234|1234|1234|1234|1234|1234|1234|…  0
 341  norvel        x..x..x..xx...x...xx..x..x..x..x/5           |1234|1234|1234|1234|1234|1234|1234|…  1
 342  norvel        x...x..x..x..x..x..x...x...x/6               |1234|1234|1234|1234|1234|1234|1234|…  0
 343  norvel        xx....xx...x...x....x...x...x...x...x..…     |1234|1234|1234|1234|1234|1234|1234|…  0
 344  norvel        xx....xx....xxx....x.....xx....x.....xx…     |1234|1234|1234|1234|1234|1234|1234|…  0
 345  norvel        x..xx..x...x...x...x..x..x..x..x...x/8       |1234|1234|1234|1234|1234|1234|1234|…  1
 346  norvel        x....x...xx....x...x...x...x...x...x...…     |1234|1234|1234|1234|1234|1234|1234|…  0
 347  norvel        x..xx..x..xx..x..x..xx...xxx/5               |1234|1234|1234|1234|1234|1234|1234|…  0
 348  norvel        xxx....xx....xx...x...x....xx...x....xx…     |1234|1234|1234|1234|1234|1234|1234|…  0
 349  norvel        xx...x..x..x...x..x..x..x...x..x/4           |1234|1234|1234|1234|1234|1234|1234|…  0
 350  norvel        x....x...x...x...xx...xx...x...x....xxx…     |1234|1234|1234|1234|1234|1234|1234|…  0
 351  norvel        x..x..x..x...xx...x..x...xxx..xx..xx..x…     |1234|1234|1234|1234|1234|1234|1234|…  0
 352  norvel        x..xx..x..xx..xx..x..xx...x...x...xx...…     |1234|1234|1234|1234|1234|1234|1234|…  1
 353  norvel        x...x....x...x...x...xxx...xx...x....x.…     |1234|1234|1234|1234|1234|1234|1234|…  0
 354  norvel        x....x.....x....x....x....x....x.....x.…     |1234|1234|1234|1234|1234|1234|1234|…  0
 355  norvel        x....x....x.....x.....x.....xx.....x...…     |1234|1234|1234|1234|1234|1234|1234|…  0
 356  norvel        x...x..x...x..x..x..x..x..xx..xx...x/4       |1234|1234|1234|1234|1234|1234|1234|…  0
 357  norvel        x...x...x...x...x....x...x...xx....x...…     |1234|1234|1234|1234|1234|1234|1234|…  0
 358  norvel        xx..x..x..xx...x..xx..x...xx/4               |1234|1234|1234|1234|1234|1234|1234|…  0
 359  norvel        x...x....x...x...x...x...x....x....x/2       |1234|1234|1234|1234|1234|1234|1234|…  0
 360  norvel        xx....x....x...x....xx....x....x...x...…     |1234|1234|1234|1234|1234|1234|1234|…  0
 361  norvel        x....xx...x...xxx...x...x...xx...x....x…     |1234|1234|1234|1234|1234|1234|1234|…  1
 362  norvel        xx...x..xx..xx...x..x...x..x/5               |1234|1234|1234|1234|1234|1234|1234|…  1
 363  norvel        xx..x..x..x..x..x..x..x...xx/6               |1234|1234|1234|1234|1234|1234|1234|…  0
 364  norvel        xx...x...xxx....xx....x....x...xxx...x.…     |1234|1234|1234|1234|1234|1234|1234|…  0
 365  norvel        x...x...x....x....x....x....x...x....x.…     |1234|1234|1234|1234|1234|1234|1234|…  0
 366  norvel        x...x..x...x...x..x...x..x..xx..x..x/5       |1234|1234|1234|1234|1234|1234|1234|…  0
 367  norvel        xx...x...xx...x...x...xx....xx...x...x.…     |1234|1234|1234|1234|1234|1234|1234|…  0
 368  norvel        x....x....x....x....x...x....x....x...x…     |1234|1234|1234|1234|1234|1234|1234|…  1
 369  norvel        xx...xx....x....xx...xx....x....xx...xx…     |1234|1234|1234|1234|1234|1234|1234|…  0
 370  norvel        x..xx..xx..xx...x..x..x..xxx/4               |1234|1234|1234|1234|1234|1234|1234|…  1
 371  norvel        x....xx....x...x...xx....x...xx....x/5       |1234|1234|1234|1234|1234|1234|1234|…  0
 372  norvel        xxx..x..x..x..x...xxx...x..xx..x..xx...…     |1234|1234|1234|1234|1234|1234|1234|…  0
 373  norvel        x..x..x..x...xx...x...x..xx..x..x..x/8       |1234|1234|1234|1234|1234|1234|1234|…  0
 374  norvel        x..x..x...x...x..x...x...x..x..x...x/7       |1234|1234|1234|1234|1234|1234|1234|…  0
 375  norvel        xx..xx..x...x...x..x..x..x..x..x/5           |1234|1234|1234|1234|1234|1234|1234|…  0
 376  norvel        xx..x..xx...xxx..x...x..x..x...x/2           |1234|1234|1234|1234|1234|1234|1234|…  1
 377  norvel        x..x..x..xx..x...xx..x..x..xx..x/4           |1234|1234|1234|1234|1234|1234|1234|…  1
 378  norvel        x...x...xx...x...x....x...x....x...x...…     |1234|1234|1234|1234|1234|1234|1234|…  0
 379  norvel        xx.....x.....x....x.....xx.....x....x..…     |1234|1234|1234|1234|1234|1234|1234|…  0
 380  norvel        x....x...xx...x....x...x...x...x...x...…     |1234|1234|1234|1234|1234|1234|1234|…  0
 381  norvel        x..x..x...x...x...x..x..x..x/2               |1234|1234|1234|1234|1234|1234|1234|…  0
 382  norvel        xxx...x..x..x..xxx..xx..x..xx..x..x...x…     |1234|1234|1234|1234|1234|1234|1234|…  0
 383  norvel        x..x..x..x..x..xx..x...xx..x...x/4           |1234|1234|1234|1234|1234|1234|1234|…  0
 384  norvel        x..x...x..x...x..x...x..x...x..x/7           |1234|1234|1234|1234|1234|1234|1234|…  1
 385  norvel        x.....x....x.....x....x.....x....x.....…     |1234|1234|1234|1234|1234|1234|1234|…  0
 386  norvel        x...xx...xx...x...x....xxx....x...x...x…     |1234|1234|1234|1234|1234|1234|1234|…  0
 387  norvel        x...x...x....x....xx...xx...x....x...x.…     |1234|1234|1234|1234|1234|1234|1234|…  0
 388  norvel        xx....x.....x....x....x.....x....x.....…     |1234|1234|1234|1234|1234|1234|1234|…  0
 389  norvel        x..xx..x...xx..xx..xx..x...xx..x/5           |1234|1234|1234|1234|1234|1234|1234|…  0
 390  norvel        x...xx..x..x...xx..xx...x...x..x/2           |1234|1234|1234|1234|1234|1234|1234|…  0
 391  norvel        x....x...x...xx...x...x....xx...x...x..…     |1234|1234|1234|1234|1234|1234|1234|…  1
 392  norvel        x...x...x...x...x...xx....xx....x...xx.…     |1234|1234|1234|1234|1234|1234|1234|…  0
 393  norvel        x....x....x....xx...x...x...x....xx...x…     |1234|1234|1234|1234|1234|1234|1234|…  1
 394  norvel        x...x...x..x...x..x..x..x...x...x..x/4       |1234|1234|1234|1234|1234|1234|1234|…  0
 395  norvel        x...x...x...x....x...x...x...x....x...x…     |1234|1234|1234|1234|1234|1234|1234|…  0
 396  norvel        xx...x..xxx...x..x...xx..x..x..x/4           |1234|1234|1234|1234|1234|1234|1234|…  0
 397  norvel        x..x...x..x..x..xx..x..x...x/4               |1234|1234|1234|1234|1234|1234|1234|…  1
 398  norvel        xx..xxx..x...x..xx..x..x...x/4               |1234|1234|1234|1234|1234|1234|1234|…  0
 399  norvel        xx....x...x...x....x....xxx....xx....xx…     |1234|1234|1234|1234|1234|1234|1234|…  0
 400  norvel        x...x....x....x...x...x....x...x...x...…     |1234|1234|1234|1234|1234|1234|1234|…  0
 401  norvel        xx..x..xx..x...xx..xx..x...x...x/2           |1234|1234|1234|1234|1234|1234|1234|…  0
 402  norvel        x...x...x...x...x....x...x....x....x...…     |1234|1234|1234|1234|1234|1234|1234|…  0
 403  norvel        x..x..xx..xx..x..x..x..xx..x...x...x/7       |1234|1234|1234|1234|1234|1234|1234|…  0
 404  norvel        x...x..x..xx..x..x..x...x..x/5               |1234|1234|1234|1234|1234|1234|1234|…  0
 405  norvel        x....x.....x....x.....x....x.....x....x…     |1234|1234|1234|1234|1234|1234|1234|…  0
 406  norvel        xx...x..x..x...xx..x...x..x...xx/2           |1234|1234|1234|1234|1234|1234|1234|…  0
 407  norvel        x..x...x..x..x...x...x..x...x..x/6           |1234|1234|1234|1234|1234|1234|1234|…  0
 408  norvel        x..x..xx..x...xxx..x...x...xx...xx..x..…     |1234|1234|1234|1234|1234|1234|1234|…  0
 409  norvel        x...x..x...xx..x...x..x..xx...x...x..xx…     |1234|1234|1234|1234|1234|1234|1234|…  0
 410  norvel        x...xx....xx...x....xxx....xx...x...x..…     |1234|1234|1234|1234|1234|1234|1234|…  0
 411  norvel        xx....x....xx....x....x...x...x...x....…     |1234|1234|1234|1234|1234|1234|1234|…  0
 412  norvel        xx..xx...xx...x..x..x..x...x...x/2           |1234|1234|1234|1234|1234|1234|1234|…  0
 413  norvel        xx....x...x....x....x...x...xx...xx...x…     |1234|1234|1234|1234|1234|1234|1234|…  0
 414  norvel        x....x....x.....x.....x....x.....x....x…     |1234|1234|1234|1234|1234|1234|1234|…  1
 415  norvel        x...x..x..x..x...x..x..x...x/2               |1234|1234|1234|1234|1234|1234|1234|…  0
 416  norvel        xx..xx...x..x..x...x...xx..x/2               |1234|1234|1234|1234|1234|1234|1234|…  0
 417  norvel        x...x...x...xx...x...xx...x....x/5           |1234|1234|1234|1234|1234|1234|1234|…  0
 418  norvel        xxx....xx...xxx....x....x...xxx...x....…     |1234|1234|1234|1234|1234|1234|1234|…  0
 419  norvel        x....x....x.....x.....x....x....x....x.…     |1234|1234|1234|1234|1234|1234|1234|…  0
 420  norvel        x...xxx....x....xx...xx....x...xxx....x…     |1234|1234|1234|1234|1234|1234|1234|…  1
 421  norvel        x....x...x...x...x...x....x...x...x...x…     |1234|1234|1234|1234|1234|1234|1234|…  0
 422  norvel        x....x.....xx....x....x....x.....xx....…     |1234|1234|1234|1234|1234|1234|1234|…  0
 423  norvel        x...x...x...x...x...x....xxx...x/5           |1234|1234|1234|1234|1234|1234|1234|…  0
 424  norvel        x..x...x..xx..x..x..x...x...x..x/4           |1234|1234|1234|1234|1234|1234|1234|…  1
 425  norvel        x...x....x...x....xx...xx...xx...xx....…     |1234|1234|1234|1234|1234|1234|1234|…  0
 426  norvel        x....xx....x....x....x...x....x....x...…     |1234|1234|1234|1234|1234|1234|1234|…  0
 427  norvel        x....x...xx....x....x...xx...xx....x/2       |1234|1234|1234|1234|1234|1234|1234|…  0
 428  norvel        x..xx..xx..xx..x..x..x...x..xx..x..x/4       |1234|1234|1234|1234|1234|1234|1234|…  0
 429  norvel        x...x....x...x....x...x...x...x...x...x…     |1234|1234|1234|1234|1234|1234|1234|…  0
 430  norvel        x..x..xx...xxx..xx..x..x...x..x..x...xx…     |1234|1234|1234|1234|1234|1234|1234|…  0
 431  norvel        x...xx...x....x...x....x...x...x...x...…     |1234|1234|1234|1234|1234|1234|1234|…  0
 432  norvel        x...x...x...x....x...xxx...x...x...x...…     |1234|1234|1234|1234|1234|1234|1234|…  1
 433  norvel        xx..x..x...xx...x..xx..x..xx...xx..x..x…     |1234|1234|1234|1234|1234|1234|1234|…  0
 434  norvel        x...x...x....x....x...x...xx...x...x/3       |1234|1234|1234|1234|1234|1234|1234|…  0
 435  norvel        xx..x..x..x...x..x...x..x..x..xxx..x/4       |1234|1234|1234|1234|1234|1234|1234|…  0
 436  norvel        x....x....x....xx....x....xx....x.....x…     |1234|1234|1234|1234|1234|1234|1234|…  0
 437  norvel        xxx...x....xx....x...xx...x....xx....xx…     |1234|1234|1234|1234|1234|1234|1234|…  0
 438  norvel        xx....x...x...x...xx....x...xx...x....x…     |1234|1234|1234|1234|1234|1234|1234|…  0
 439  norvel        xx..x..xx..x..xxx..x..xxx...xx..x..x/7       |1234|1234|1234|1234|1234|1234|1234|…  1
 440  norvel        xx...xx....x...x...x....x....x....x...x…     |1234|1234|1234|1234|1234|1234|1234|…  0
 441  norvel        x..x...x..x...x..x...x..x..x...x/6           |1234|1234|1234|1234|1234|1234|1234|…  1
 442  norvel        x...x....x...x...x...x....x....x...x...…     |1234|1234|1234|1234|1234|1234|1234|…  0
 443  norvel        x..xx..xx..x..x..x..x..x...x..xx/5           |1234|1234|1234|1234|1234|1234|1234|…  0
 444  norvel        x...xx..x..x..x..xxx...xx..xxx..x..x/6       |1234|1234|1234|1234|1234|1234|1234|…  0
 445  norvel        xx..xx..xx..xx...x..x..x..xx..xx/2           |1234|1234|1234|1234|1234|1234|1234|…  0
 446  norvel        x....x...x....x...x...x...xx...x...x...…     |1234|1234|1234|1234|1234|1234|1234|…  0
 447  norvel        x..x..x..xx...x...x..x..xx..x..x/6           |1234|1234|1234|1234|1234|1234|1234|…  0
 448  norvel        x....xx...x...xx...x...xx....x...xxx/3       |1234|1234|1234|1234|1234|1234|1234|…  0
 449  norvel        x....x.....x.....x.....x....x....x....x…     |1234|1234|1234|1234|1234|1234|1234|…  0
 450  norvel        x...x...xxx...x...x...xx...x...xx....xx…     |1234|1234|1234|1234|1234|1234|1234|…  0
 451  norvel        x....x....x...x...xx...x...x....xx....x…     |1234|1234|1234|1234|1234|1234|1234|…  0
 452  norvel        x....xx...xx...xx...x...x...x...xx....x…     |1234|1234|1234|1234|1234|1234|1234|…  0
 453  norvel        x...xx..x..xx..x..x...x..x..xx..x..x/6       |1234|1234|1234|1234|1234|1234|1234|…  1
 454  norvel        x..x..xx...x..x..x..x...xx..x..xx..x/6       |1234|1234|1234|1234|1234|1234|1234|…  0
 455  norvel        x...x....x....xxx...x....xx...xx...x...…     |1234|1234|1234|1234|1234|1234|1234|…  0
 456  norvel        x..xxx..x..x...xx..x..x..x..x..x/6           |1234|1234|1234|1234|1234|1234|1234|…  1
 457  norvel        xx...x..xx...xx..x..xx..xx..x..x/4           |1234|1234|1234|1234|1234|1234|1234|…  0
 458  norvel        xxx..x..xx..xx...xx...x..x..x..x/5           |1234|1234|1234|1234|1234|1234|1234|…  1
 459  norvel        x...x....x...x....x...x...x...x...x....…     |1234|1234|1234|1234|1234|1234|1234|…  0
 460  norvel        x..xx...x..x..x..xx..xx..xx...x...xx...…     |1234|1234|1234|1234|1234|1234|1234|…  0
 461  norvel        x..x..x...x..xx..x...xx...x..x..x..x/6       |1234|1234|1234|1234|1234|1234|1234|…  1
 462  norvel        x....x....x...x...x...x....x...x/2           |1234|1234|1234|1234|1234|1234|1234|…  0
 463  norvel        xx..x...x..x..x..x..x..xx..xx...x..x/7       |1234|1234|1234|1234|1234|1234|1234|…  1
 464  norvel        x..x..xx..x..xx..x...x...x..x..x/5           |1234|1234|1234|1234|1234|1234|1234|…  1
 465  norvel        xx...x...x....x....x....x...x....x....x…     |1234|1234|1234|1234|1234|1234|1234|…  1
 466  norvel        x...x...x...x...x....x....x....x...x/2       |1234|1234|1234|1234|1234|1234|1234|…  0
 467  norvel        xx...x...x....xx...xx...x....x....x....…     |1234|1234|1234|1234|1234|1234|1234|…  0
 468  norvel        x...x...xxx...xx....x...xx...xx...xx...…     |1234|1234|1234|1234|1234|1234|1234|…  0
 469  norvel        x....x...xx....x...xx....xx...x....x...…     |1234|1234|1234|1234|1234|1234|1234|…  0
 470  norvel        x...xx....xx....x...x...x...xx...xxx...…     |1234|1234|1234|1234|1234|1234|1234|…  0
 471  norvel        xx...x...x...x...xx...xxx...xx....x....…     |1234|1234|1234|1234|1234|1234|1234|…  0
 472  norvel        xx..x...x..x..xx..x..x..x...x..x..xx/4       |1234|1234|1234|1234|1234|1234|1234|…  0
 473  norvel        xx..x..xx...xx..x...xx..x..x/4               |1234|1234|1234|1234|1234|1234|1234|…  0
 474  norvel        x...x...x....x...x...xx...x...xx/3           |1234|1234|1234|1234|1234|1234|1234|…  0
 475  norvel        x..x...xx..x...x..x..x..x..x...x/7           |1234|1234|1234|1234|1234|1234|1234|…  0
 476  norvel        x....x.....xx....x....x....x....x.....x…     |1234|1234|1234|1234|1234|1234|1234|…  0
 477  norvel        x..xx..xx...x...xx..x...x..x...x/2           |1234|1234|1234|1234|1234|1234|1234|…  0
 478  norvel        x...x...x....x...xx...x....x...x...x...…     |1234|1234|1234|1234|1234|1234|1234|…  0
 479  norvel        xx..x..x..xx..xx..xx..x..xxx...x/2           |1234|1234|1234|1234|1234|1234|1234|…  0
 480  norvel        x.....xx.....xx.....x....x.....x....x..…     |1234|1234|1234|1234|1234|1234|1234|…  0
 481  norvel        x..x..x..x..xx..x...x..xx..x...x/6           |1234|1234|1234|1234|1234|1234|1234|…  1
 482  norvel        x..x...x..x...xx..x..x...x..xx..x..x/4       |1234|1234|1234|1234|1234|1234|1234|…  0
 483  norvel        xx...xx...xxx...x...x...xx...x...xx....…     |1234|1234|1234|1234|1234|1234|1234|…  0
 484  norvel        xx....xx...x...x...x...x...xxx...x...x.…     |1234|1234|1234|1234|1234|1234|1234|…  0
 485  norvel        x..x..x..x...x..xxx..x..xx..x..x/6           |1234|1234|1234|1234|1234|1234|1234|…  0
 486  norvel        x....x...x...x....x....x...x...x/5           |1234|1234|1234|1234|1234|1234|1234|…  0
 487  norvel        xxx...xx..x...xx..x..xx..xx...xx/2           |1234|1234|1234|1234|1234|1234|1234|…  0
 488  norvel        x....x....x...xx...x...x...xxx....xx/5       |1234|1234|1234|1234|1234|1234|1234|…  0
 489  norvel        x...xx...x...x....x...x...x...x...x....…     |1234|1234|1234|1234|1234|1234|1234|…  0
 490  norvel        x...x..xxx..xx..xx..x..xx..xx..xx..x...…     |1234|1234|1234|1234|1234|1234|1234|…  1
 491  norvel        x..x..xx...x..x..x...x...xx..xx...xx...…     |1234|1234|1234|1234|1234|1234|1234|…  0
 492  norvel        xx..x...x..x..x..x..xx..x..xx...x..x/4       |1234|1234|1234|1234|1234|1234|1234|…  0
 493  norvel        xx..xx...x..x...x...xx..x..x..xx/2           |1234|1234|1234|1234|1234|1234|1234|…  0
 494  norvel        x..x..x..x...x..x..x...x...x/2               |1234|1234|1234|1234|1234|1234|1234|…  0
 495  norvel        xx....x...xx...x...x....x....x...x....x…     |1234|1234|1234|1234|1234|1234|1234|…  0
 496  norvel        xx....x...x...x...x...x...x....x/3           |1234|1234|1234|1234|1234|1234|1234|…  0
 497  norvel        xx...x...x...x....x...x...xx...x...x...…     |1234|1234|1234|1234|1234|1234|1234|…  1
 498  norvel        x...xx...x...xx...xx...x....x....xx....…     |1234|1234|1234|1234|1234|1234|1234|…  0
 499  norvel        xxx...x....xx...x...xx....x...x...xx/3       |1234|1234|1234|1234|1234|1234|1234|…  0
 500  norvel        xx...x...xxx..x..xx...xx...xx..xx..x/2       |1234|1234|1234|1234|1234|1234|1234|…  0
 501  norvel        x..x..xx..x..x...xx..xx..x..x...x..x/6       |1234|1234|1234|1234|1234|1234|1234|…  1
 502  norvel        x..xx...x..x...xxx..x...xx..x..x...x/7       |1234|1234|1234|1234|1234|1234|1234|…  1
 503  norvel        xx...x...xx...x....x....x...xx....xx...…     |1234|1234|1234|1234|1234|1234|1234|…  0
 504  norvel        x....x.....x....xx....xx....x....x....x…     |1234|1234|1234|1234|1234|1234|1234|…  0
 505  norvel        x...x...xx..x..xx...x..x..x...xx/2           |1234|1234|1234|1234|1234|1234|1234|…  1
 506  norvel        x..x...xx...x..x...x..x...x...xx/2           |1234|1234|1234|1234|1234|1234|1234|…  1
 507  norvel        x...x...xx....xx....x...xx...x....xx...…     |1234|1234|1234|1234|1234|1234|1234|…  0
 508  norvel        x...x...x..x..x..xx..x..x..x..xx/4           |1234|1234|1234|1234|1234|1234|1234|…  0
 509  norvel        xxx....xx...xx....xx...xx....xx....x...…     |1234|1234|1234|1234|1234|1234|1234|…  0
 510  norvel        x...xx....xx....x...x....x....x....x...…     |1234|1234|1234|1234|1234|1234|1234|…  1
 511  norvel        xx...x..x..x..xx...xx..x..xx...xx..x/4       |1234|1234|1234|1234|1234|1234|1234|…  0
 512  norvel        x....x.....x.....x....x....x....x....x.…     |1234|1234|1234|1234|1234|1234|1234|…  0
 513  norvel        x...xx...xxx....x....xx....x...x...x/5       |1234|1234|1234|1234|1234|1234|1234|…  0
 514  norvel        xx..x..xx..x..xx...x..x..x..x..x...x/7       |1234|1234|1234|1234|1234|1234|1234|…  0
 515  norvel        xx...x...x...x...x....x...x....xx...xx.…     |1234|1234|1234|1234|1234|1234|1234|…  0
 516  norvel        x...x...xx...xx...x..x..x..x/2               |1234|1234|1234|1234|1234|1234|1234|…  0
 517  norvel        x..x..x...x..x..x...x..xx...x...x..x/8       |1234|1234|1234|1234|1234|1234|1234|…  0
 518  norvel        xx....xx...xx....x...x....x....xx....xx…     |1234|1234|1234|1234|1234|1234|1234|…  0
 519  norvel        xxx....xx....x....xx...x...xxx...xx...x…     |1234|1234|1234|1234|1234|1234|1234|…  0
 520  norvel        x...x....x...x...x...x....xx...x/3           |1234|1234|1234|1234|1234|1234|1234|…  0
 521  norvel        x....x.....x....xxx.....x....x.....x...…     |1234|1234|1234|1234|1234|1234|1234|…  0
 522  norvel        x..x...x...x...x..x..x..x...x..x/6           |1234|1234|1234|1234|1234|1234|1234|…  0
 523  norvel        x.....x....x.....x....x....xx....x....x…     |1234|1234|1234|1234|1234|1234|1234|…  0
 524  norvel        x....x.....x....x....x.....x....xx....x…     |1234|1234|1234|1234|1234|1234|1234|…  0
 525  norvel        x...x....x....x...x...x....x....xxx....…     |1234|1234|1234|1234|1234|1234|1234|…  0
 526  norvel        x....x.....x....xx....xx....x.....x....…     |1234|1234|1234|1234|1234|1234|1234|…  1
 527  norvel        x...x..x..x..x...x...x..x..x/2               |1234|1234|1234|1234|1234|1234|1234|…  0
 528  norvel        x..xx..x..x...x..xxx...xx..x..x..xxx/6       |1234|1234|1234|1234|1234|1234|1234|…  1
 529  norvel        x....xx....xx....x....x....xx....x.....…     |1234|1234|1234|1234|1234|1234|1234|…  0
 530  norvel        x...x..x..xx...x..x..x..x..x...x/7           |1234|1234|1234|1234|1234|1234|1234|…  1
 531  norvel        xx...x...xxx...x...xx....xx...xx...x/2       |1234|1234|1234|1234|1234|1234|1234|…  0
 532  norvel        x..x..x..x..x...x..x..x...xx...x..xx/4       |1234|1234|1234|1234|1234|1234|1234|…  0
 533  norvel        x...xxx..xx...x...xxx..x...xx..xx..x/5       |1234|1234|1234|1234|1234|1234|1234|…  0
 534  norvel        x....x.....x.....x....x....x....x....x.…     |1234|1234|1234|1234|1234|1234|1234|…  0
 535  norvel        xx..xxx..x...x...xx...xx...xx..x..xx/6       |1234|1234|1234|1234|1234|1234|1234|…  0
 536  norvel        x..x..x...x..x...x...x..x..x/2               |1234|1234|1234|1234|1234|1234|1234|…  1
 537  norvel        x...xx...x..x...xx...x..x..x/2               |1234|1234|1234|1234|1234|1234|1234|…  0
 538  norvel        x....x...x...x....xx....x...x...xxx...x…     |1234|1234|1234|1234|1234|1234|1234|…  0
 539  norvel        x...x...x..x...x..xx..x...x...xx/2           |1234|1234|1234|1234|1234|1234|1234|…  0
 540  norvel        x....x...x...x...x....x...xx...x/3           |1234|1234|1234|1234|1234|1234|1234|…  0
 541  norvel        x...xx...x...x...x...x...xx...x...x....…     |1234|1234|1234|1234|1234|1234|1234|…  0
 542  norvel        x.....xxx....x....x....x....x....x....x…     |1234|1234|1234|1234|1234|1234|1234|…  0
 543  norvel        x....x....x....xx....x....x....xx.....x…     |1234|1234|1234|1234|1234|1234|1234|…  0
 544  norvel        x...x...xx...x....x...x....x...x/3           |1234|1234|1234|1234|1234|1234|1234|…  0
 545  norvel        xx...x....xx....x....x...xx...xx...x/2       |1234|1234|1234|1234|1234|1234|1234|…  0
 546  norvel        x...x...x....x....x...x...x...x....x...…     |1234|1234|1234|1234|1234|1234|1234|…  0
 547  norvel        x....x....x...x...x....xx...x...xx....x…     |1234|1234|1234|1234|1234|1234|1234|…  0
 548  norvel        xx..x..x..x...x..xx..x..x...x..x/6           |1234|1234|1234|1234|1234|1234|1234|…  0
 549  norvel        x...x....x...x...xx...x...x...xx/2           |1234|1234|1234|1234|1234|1234|1234|…  0
 550  norvel        x..x..x..xx..xx...x..x..x..x..xx...x/4       |1234|1234|1234|1234|1234|1234|1234|…  0
 551  norvel        xx....x...x...xx...xx...x...xxx...x...x…     |1234|1234|1234|1234|1234|1234|1234|…  0
 552  norvel        x...x....x...x....x....x....x...x....x.…     |1234|1234|1234|1234|1234|1234|1234|…  1
 553  norvel        x..xx...x..x..x..x..x..xx..x...x..xx/6       |1234|1234|1234|1234|1234|1234|1234|…  0
 554  norvel        x..xx..x..x..x..x...x..x..x...xx/5           |1234|1234|1234|1234|1234|1234|1234|…  0
 555  norvel        x.....x....x.....x.....x....x....x....x…     |1234|1234|1234|1234|1234|1234|1234|…  0
 556  norvel        x..x..xx...xx..xx..xx..x...xx..x/5           |1234|1234|1234|1234|1234|1234|1234|…  0
 557  norvel        x....xx...xx...x...x...x...x...x...x/6       |1234|1234|1234|1234|1234|1234|1234|…  0
 558  norvel        x..x...xx..x..x..x...xx..x...x..x..x/5       |1234|1234|1234|1234|1234|1234|1234|…  0
 559  norvel        x....xxx....x....x...xx...x...x...xx/5       |1234|1234|1234|1234|1234|1234|1234|…  0
 560  norvel        x....x....x...x...x...x...x...x....x/6       |1234|1234|1234|1234|1234|1234|1234|…  0
 561  norvel        x...xx...x...x...x....x...x...x....x...…     |1234|1234|1234|1234|1234|1234|1234|…  1
 562  norvel        xx...x...x...x..x..x..x..x..xxx..xxx/7       |1234|1234|1234|1234|1234|1234|1234|…  1
 563  norvel        x...x...xx...x....x....x...xxx...x...x.…     |1234|1234|1234|1234|1234|1234|1234|…  0
 564  norvel        x....xx....x...x...x...x...xx...x....x.…     |1234|1234|1234|1234|1234|1234|1234|…  1
 565  norvel        x..x...xx...x...xx...x..x..x/2               |1234|1234|1234|1234|1234|1234|1234|…  0
 566  norvel        x...x...x..x..x...x..x..x..x/2               |1234|1234|1234|1234|1234|1234|1234|…  0
 567  norvel        x...xx...x...x....x...xx...xxx...xx...x…     |1234|1234|1234|1234|1234|1234|1234|…  0
 568  norvel        x...x...xx...xx...x...x....x...x...x...…     |1234|1234|1234|1234|1234|1234|1234|…  0
 569  norvel        xxx....x....x.....xx....xxx....xx.....x…     |1234|1234|1234|1234|1234|1234|1234|…  0
 570  norvel        x...x...xx...xx...x...x...x...x...x....…     |1234|1234|1234|1234|1234|1234|1234|…  0
 571  norvel        xxx...x...x...x....x....x....x....x...x…     |1234|1234|1234|1234|1234|1234|1234|…  0
 572  norvel        x....x...xx...x...x....x....xx...xx....…     |1234|1234|1234|1234|1234|1234|1234|…  1
 573  norvel        xx...x...x...x....x....x...xx...x....x.…     |1234|1234|1234|1234|1234|1234|1234|…  0
 574  norvel        x....x...xx....x....x...x...xx....xx...…     |1234|1234|1234|1234|1234|1234|1234|…  0
 575  norvel        x...x...x...x...x...x...x....x....xx/5       |1234|1234|1234|1234|1234|1234|1234|…  0
 576  norvel        x....x....x.....x....x....x.....x....x.…     |1234|1234|1234|1234|1234|1234|1234|…  1
 577  norvel        x....x...x...x...x....x....x...x...x...…     |1234|1234|1234|1234|1234|1234|1234|…  1
 578  norvel        x...x...xx..x..xx..x...x..x..x..x..x/4       |1234|1234|1234|1234|1234|1234|1234|…  0
 579  norvel        x..x..x...xx...x..x..x..x..x...x...x/8       |1234|1234|1234|1234|1234|1234|1234|…  0
 580  norvel        xx....x...x...x....x....x...xxx...x....…     |1234|1234|1234|1234|1234|1234|1234|…  0
 581  norvel        x....x...x...xx...x...x....x...x...x...…     |1234|1234|1234|1234|1234|1234|1234|…  0
 582  norvel        x....x...x...x...x...x...x...xx....x...…     |1234|1234|1234|1234|1234|1234|1234|…  0
 583  norvel        x....xx....xx.....x....xx....xx.....x..…     |1234|1234|1234|1234|1234|1234|1234|…  0
 584  norvel        x..x...x..x...x...x..x...x..x..x...x/8       |1234|1234|1234|1234|1234|1234|1234|…  1
 585  norvel        x...x..xx..xxx...xx..xx..xx..x..x..xx..…     |1234|1234|1234|1234|1234|1234|1234|…  0
 586  norvel        x..x...x...x..xx..x..x..x...x..x/5           |1234|1234|1234|1234|1234|1234|1234|…  0
 587  norvel        xx..x..xxx..x..x..xx..xx..xx...x/2           |1234|1234|1234|1234|1234|1234|1234|…  0
 588  norvel        xx..x..x...x..x..x...x..x..x/5               |1234|1234|1234|1234|1234|1234|1234|…  0
 589  norvel        x....x...xx...xx....x....x....xx...x/5       |1234|1234|1234|1234|1234|1234|1234|…  0
 590  norvel        x..x...x..x..x...x..x..x...x/2               |1234|1234|1234|1234|1234|1234|1234|…  0
 591  norvel        xx..xx...xx..x..xx..xx..x..xx..x/4           |1234|1234|1234|1234|1234|1234|1234|…  0
 592  norvel        xx...xx...xx...xxx...xx....x...x...x/3       |1234|1234|1234|1234|1234|1234|1234|…  0
 593  norvel        x....x.....xx.....xxx....x....xxx....x.…     |1234|1234|1234|1234|1234|1234|1234|…  0
 594  norvel        xx..x..x...xx..x..xxx..x..xx/2               |1234|1234|1234|1234|1234|1234|1234|…  1
 595  norvel        x..x..xx...x...x..x..x..x..x...x..xx/4       |1234|1234|1234|1234|1234|1234|1234|…  0
 596  norvel        x...x....x...x...x....x....x...x...x/2       |1234|1234|1234|1234|1234|1234|1234|…  0
 597  norvel        x...x....x...x...x....x...x....x...x...…     |1234|1234|1234|1234|1234|1234|1234|…  0

per-name tally this round
name             presented correct  hit-rate
norvel                 598     114     19.1%
