Centaur Zendo round 6 (training)
round_id : 7993f7d8d3764026b4b1bd170e8cc4ca
written  : 2026-09-04 22:34:09Z
presented=649  answered=649  correct=208  skipped=0
client answer latency: mean 0.113 ms  median 0.106 ms  max 1.011 ms  (n=650)

 idx  name          clue                                      answer                                    score
------------------------------------------------------------------------------------------------------------
   0  norvel        x....x...x...xxx...x...x...x...x/5           |1234|1234|1234|1234|1234|1234|1234|…  1
   1  norvel        x...xx...xxx..x..x..x..x..x...x...xx/6       |1234|1234|1234|1234|1234|1234|1234|…  1
   2  norvel        x...x...xx...x...x....x...xx...x...x...…     |1234|1234|1234|1234|1234|1234|1234|…  0
   3  norvel        x...x...x...xx...x...x....x...x...xx...…     |1234|1234|1234|1234|1234|1234|1234|…  0
   4  norvel        x....x...xx....x...x....xx....x...x...x…     |1234|1234|1234|1234|1234|1234|1234|…  1
   5  norvel        xx...x...x...x...x...xx...x....x...x/6       |1234|1234|1234|1234|1234|1234|1234|…  0
   6  norvel        x..xx...xx..xx..xx..x..x..xx/4               |1234|1234|1234|1234|1234|1234|1234|…  0
   7  norvel        x....x...x...x....x...x....xx...x....x.…     |1234|1234|1234|1234|1234|1234|1234|…  0
   8  norvel        x...xx...x...x...x...x....x...xx...x...…     |1234|1234|1234|1234|1234|1234|1234|…  0
   9  norvel        x....x....x....x...xx....xxx...xxx...xx…     |1234|1234|1234|1234|1234|1234|1234|…  1
  10  norvel        x....x....x.....x....x....x.....x....x.…     |1234|1234|1234|1234|1234|1234|1234|…  1
  11  norvel        x..xxx..x..x..x..x..xx...xxx/4               |1234|1234|1234|1234|1234|1234|1234|…  0
  12  norvel        x..x...x..x..x..x..x..x..x..x..x/5           |1234|1234|1234|1234|1234|1234|1234|…  0
  13  norvel        x..xx..x..x..xx..x..x...x..xx..xx..x/7       |1234|1234|1234|1234|1234|1234|1234|…  0
  14  norvel        x...x..x..x..x...xx...xx..xx..xx..xx...…     |1234|1234|1234|1234|1234|1234|1234|…  0
  15  norvel        x..x..xxx...x..x...x..xx..x..x..x..x/5       |1234|1234|1234|1234|1234|1234|1234|…  0
  16  norvel        x....x....x...xx....x...xx....x...xx...…     |1234|1234|1234|1234|1234|1234|1234|…  1
  17  norvel        x...x..x...x..x...x...x..x..x..x/7           |1234|1234|1234|1234|1234|1234|1234|…  0
  18  norvel        x...x....x...x...x....x...xxx...x....x.…     |1234|1234|1234|1234|1234|1234|1234|…  0
  19  norvel        x..x..x..x..x...x...x...x..x/6               |1234|1234|1234|1234|1234|1234|1234|…  0
  20  norvel        xx...x...x...x...x...x...x...x...xx....…     |1234|1234|1234|1234|1234|1234|1234|…  1
  21  norvel        x....x...x...x...x....x...x...x...x....…     |1234|1234|1234|1234|1234|1234|1234|…  0
  22  norvel        xx..x..x..x..x..x...xxx...xxx..x...x/7       |1234|1234|1234|1234|1234|1234|1234|…  1
  23  norvel        x...x..x..x...x..x..x..x...x/2               |1234|1234|1234|1234|1234|1234|1234|…  0
  24  norvel        x....x....x....x....x.....x....xxx....x…     |1234|1234|1234|1234|1234|1234|1234|…  0
  25  norvel        x..x..x..x...x..x...x...x..x...x...x/4       |1234|1234|1234|1234|1234|1234|1234|…  0
  26  norvel        x...x....x...x....x....x...x...x/5           |1234|1234|1234|1234|1234|1234|1234|…  0
  27  norvel        xx..x...xx...x..x...x..x...x/2               |1234|1234|1234|1234|1234|1234|1234|…  1
  28  norvel        xx..xx..xx...xx...xx..xx..x..x..x..x..x…     |1234|1234|1234|1234|1234|1234|1234|…  0
  29  norvel        x....x....xx....x....xx.....x....x.....…     |1234|1234|1234|1234|1234|1234|1234|…  0
  30  norvel        x....x...xx....x...x...xxx....x....x/5       |1234|1234|1234|1234|1234|1234|1234|…  1
  31  norvel        x..x...x..xx..x..x..x..x...xx..x/4           |1234|1234|1234|1234|1234|1234|1234|…  1
  32  norvel        xx..x..xxx..x..x..x..xx...xx..xx/5           |1234|1234|1234|1234|1234|1234|1234|…  0
  33  norvel        xx...xx....xx....x...x...x....x....x/5       |1234|1234|1234|1234|1234|1234|1234|…  1
  34  norvel        x...x...x....x...x....x...x....x...x/6       |1234|1234|1234|1234|1234|1234|1234|…  0
  35  norvel        x..x...x..x...x...x..x..x..x...x/6           |1234|1234|1234|1234|1234|1234|1234|…  0
  36  norvel        x...x....x...x...x...x...x...x...xxx...…     |1234|1234|1234|1234|1234|1234|1234|…  0
  37  norvel        x...x...x....x....x...xx...x...x...x/5       |1234|1234|1234|1234|1234|1234|1234|…  1
  38  norvel        x..x...x...xx..x..xx..x..x..x..x..xx/7       |1234|1234|1234|1234|1234|1234|1234|…  1
  39  norvel        x...x...x..x...x..x..x..x..xx...x..x/8       |1234|1234|1234|1234|1234|1234|1234|…  0
  40  norvel        x...x...x...x....x....x...xx...x...x...…     |1234|1234|1234|1234|1234|1234|1234|…  0
  41  norvel        x..x...x..x..x...x..xx..x...x..x/4           |1234|1234|1234|1234|1234|1234|1234|…  0
  42  norvel        x..x..x..x..x...x..xx..x...x..xx..xx/4       |1234|1234|1234|1234|1234|1234|1234|…  0
  43  norvel        x...xx...xx...x...x....x...x...x/2           |1234|1234|1234|1234|1234|1234|1234|…  0
  44  norvel        x..x..x..x...x...x..x...x..x/4               |1234|1234|1234|1234|1234|1234|1234|…  0
  45  norvel        x....xx....x...x...x...x...x....xxx...x…     |1234|1234|1234|1234|1234|1234|1234|…  0
  46  norvel        xxx.....x....xx....x....x....xx....xx..…     |1234|1234|1234|1234|1234|1234|1234|…  1
  47  norvel        x...x..x...x..x..x..xx..x..x/5               |1234|1234|1234|1234|1234|1234|1234|…  0
  48  norvel        x...x...x...xx..x..x...xx..xx..x..xx/7       |1234|1234|1234|1234|1234|1234|1234|…  0
  49  norvel        x....x....xx....x....x.....x....x....x.…     |1234|1234|1234|1234|1234|1234|1234|…  0
  50  norvel        x....x...x....x....x...x...x...x...x/6       |1234|1234|1234|1234|1234|1234|1234|…  0
  51  norvel        x...x....x...x....xx...xxx....x....x/5       |1234|1234|1234|1234|1234|1234|1234|…  1
  52  norvel        xx...xx...x...x...x....x...x...x...x/2       |1234|1234|1234|1234|1234|1234|1234|…  1
  53  norvel        x...x...x...x....x...x...x....x...x...x…     |1234|1234|1234|1234|1234|1234|1234|…  0
  54  norvel        xx..x..x..x...x..x..xxx...xx..xxx...x..…     |1234|1234|1234|1234|1234|1234|1234|…  0
  55  norvel        x...xx...xx...x...xx...x...x...x...x...…     |1234|1234|1234|1234|1234|1234|1234|…  0
  56  norvel        x...x...x....x...x....x...x....x/2           |1234|1234|1234|1234|1234|1234|1234|…  0
  57  norvel        x..x..x..x...x...x..x...x...x..x/7           |1234|1234|1234|1234|1234|1234|1234|…  0
  58  norvel        x...xx...xx..x..xxx...xx..xxx..x...x/5       |1234|1234|1234|1234|1234|1234|1234|…  1
  59  norvel        x...x...x...x...x....x...x....x....x/2       |1234|1234|1234|1234|1234|1234|1234|…  0
  60  norvel        x...x...xx...x...x....x...xx...x...x/5       |1234|1234|1234|1234|1234|1234|1234|…  0
  61  norvel        x..xx...x...x..x..x..x...xxx/5               |1234|1234|1234|1234|1234|1234|1234|…  0
  62  norvel        x...xx...x...xx...x..x..xx..x..x/2           |1234|1234|1234|1234|1234|1234|1234|…  0
  63  norvel        xx..x..x..x...x..x..x..x...x...x/5           |1234|1234|1234|1234|1234|1234|1234|…  0
  64  norvel        x..xxx..xx..x...x..x..x..x...xxx...xx..…     |1234|1234|1234|1234|1234|1234|1234|…  0
  65  norvel        x...x...x...x...x....xx...x...x...xx/2       |1234|1234|1234|1234|1234|1234|1234|…  0
  66  norvel        x...xx...x....x....xx...x...x....xx...x…     |1234|1234|1234|1234|1234|1234|1234|…  0
  67  norvel        xx...xx....x....x....xx....x...x...x...…     |1234|1234|1234|1234|1234|1234|1234|…  1
  68  norvel        x...x....xxx....x...xx...x...x....xx...…     |1234|1234|1234|1234|1234|1234|1234|…  1
  69  norvel        x....x.....x.....x....x....x....x....x.…     |1234|1234|1234|1234|1234|1234|1234|…  0
  70  norvel        x...x...x...x....x....x...x...x...xx/5       |1234|1234|1234|1234|1234|1234|1234|…  1
  71  norvel        x..x..x...x...x..x..x..x...x/4               |1234|1234|1234|1234|1234|1234|1234|…  0
  72  norvel        x...x..xxx..x..x..x..x..x..x/6               |1234|1234|1234|1234|1234|1234|1234|…  1
  73  norvel        xx..x..x..xx...xx..x..xx..xx..xx/2           |1234|1234|1234|1234|1234|1234|1234|…  1
  74  norvel        x....x.....x....xx....x....x....xx....x…     |1234|1234|1234|1234|1234|1234|1234|…  0
  75  norvel        x....x.....xxx.....x....x....xx....x...…     |1234|1234|1234|1234|1234|1234|1234|…  1
  76  norvel        x...x..x..x...x...x..x..x..x/2               |1234|1234|1234|1234|1234|1234|1234|…  1
  77  norvel        x..xx...x..x...x..xx..x..x..xx..x..x/5       |1234|1234|1234|1234|1234|1234|1234|…  0
  78  norvel        x....xx....x....x....xx...x...x...x....…     |1234|1234|1234|1234|1234|1234|1234|…  1
  79  norvel        x...xx..xx..x...xx...x..xx..x..x/4           |1234|1234|1234|1234|1234|1234|1234|…  0
  80  norvel        x..xx..x...x..x..x..xx..x..x...x/5           |1234|1234|1234|1234|1234|1234|1234|…  1
  81  norvel        x..x...x..x..x...x..x..x...x/6               |1234|1234|1234|1234|1234|1234|1234|…  1
  82  norvel        x..xxx..xx...x..xx..xx..x..xx..x..x...x…     |1234|1234|1234|1234|1234|1234|1234|…  0
  83  norvel        x...x...x....x...xx...x...x...x....x...…     |1234|1234|1234|1234|1234|1234|1234|…  0
  84  norvel        x...xx...x....xx....xx....x....x...x...…     |1234|1234|1234|1234|1234|1234|1234|…  0
  85  norvel        xx...x..x...x...x...x...x..xx..xx...x..…     |1234|1234|1234|1234|1234|1234|1234|…  0
  86  norvel        xx...xx...xx...x...xxx....x...xx...x...…     |1234|1234|1234|1234|1234|1234|1234|…  0
  87  norvel        x....x...x...x....x....xx...xx...xxx/5       |1234|1234|1234|1234|1234|1234|1234|…  1
  88  norvel        x....xx....x...x...x....x....x...x...x.…     |1234|1234|1234|1234|1234|1234|1234|…  1
  89  norvel        x..x...x..x...x..xx..x...x..x..x/4           |1234|1234|1234|1234|1234|1234|1234|…  0
  90  norvel        x..x...xx..xx..xx..x..x..x..xx...xx...x…     |1234|1234|1234|1234|1234|1234|1234|…  0
  91  norvel        x...x...x...x....x....x....x...x...x...…     |1234|1234|1234|1234|1234|1234|1234|…  1
  92  norvel        xx....x....x...x...x...x...xx....x...xx…     |1234|1234|1234|1234|1234|1234|1234|…  0
  93  norvel        x....x....x...xx....xx...x...xx....x/5       |1234|1234|1234|1234|1234|1234|1234|…  1
  94  norvel        x...x..x...x..x..x...x..xx..x..x/4           |1234|1234|1234|1234|1234|1234|1234|…  1
  95  norvel        x.....x....x.....x....x....x....x....x.…     |1234|1234|1234|1234|1234|1234|1234|…  0
  96  norvel        x...x..xx...x..xx..xx...x..xx...x..xx..…     |1234|1234|1234|1234|1234|1234|1234|…  0
  97  norvel        x...xxx....xxx...x...x....xxx....x....x…     |1234|1234|1234|1234|1234|1234|1234|…  0
  98  norvel        xx..x..x...x...xxx...xx...x...x...xx..x…     |1234|1234|1234|1234|1234|1234|1234|…  0
  99  norvel        xx..xx..x..xxx..x..x...xx..xx..x/2           |1234|1234|1234|1234|1234|1234|1234|…  0
 100  norvel        xx..xx..x..x..x...x..xx..x..x..x/6           |1234|1234|1234|1234|1234|1234|1234|…  1
 101  norvel        x..x..x..xx..x..xx..xx...x..x..x...x/5       |1234|1234|1234|1234|1234|1234|1234|…  0
 102  norvel        x....xx...x....x....xx....x...xx...x...…     |1234|1234|1234|1234|1234|1234|1234|…  0
 103  norvel        x...xx..xx...xx...x..x..x...x..x...x..x…     |1234|1234|1234|1234|1234|1234|1234|…  0
 104  norvel        xx..xx..x..x..xx...xx..xx..x...x..xx..x…     |1234|1234|1234|1234|1234|1234|1234|…  1
 105  norvel        x...xx....xx...x...x....xx...x...x...x.…     |1234|1234|1234|1234|1234|1234|1234|…  0
 106  norvel        x...x..x..xx...x..x..xxx..x..x..x..x/4       |1234|1234|1234|1234|1234|1234|1234|…  0
 107  norvel        x...xx..x..x...x..xxx...x..x..x...xx...…     |1234|1234|1234|1234|1234|1234|1234|…  1
 108  norvel        x....x....x....x....xx....x.....x....x.…     |1234|1234|1234|1234|1234|1234|1234|…  1
 109  norvel        xx....xx....xxx....x....xxx....x....xx.…     |1234|1234|1234|1234|1234|1234|1234|…  0
 110  norvel        x...xx..x..xxx...x..xx..x..x..xx/5           |1234|1234|1234|1234|1234|1234|1234|…  0
 111  norvel        x....x....x...x...x...x....x...x...x/2       |1234|1234|1234|1234|1234|1234|1234|…  0
 112  norvel        x....x....x....x...x...x...x...x/5           |1234|1234|1234|1234|1234|1234|1234|…  0
 113  norvel        x..x..xx..x..x..x..x...x..xx...x/6           |1234|1234|1234|1234|1234|1234|1234|…  0
 114  norvel        x...x....xx....x...x...x....x...x....xx…     |1234|1234|1234|1234|1234|1234|1234|…  0
 115  norvel        xx..xx..x...xx..xxx..xx..x..x...x..xx..…     |1234|1234|1234|1234|1234|1234|1234|…  0
 116  norvel        x...xx..xx..x..xx...x..x..xxx..x...x..x…     |1234|1234|1234|1234|1234|1234|1234|…  0
 117  norvel        x..x...x...xx..x...x..xx..xx...x/2           |1234|1234|1234|1234|1234|1234|1234|…  0
 118  norvel        x..x..x..x..x..x..x..x..x..x...x/7           |1234|1234|1234|1234|1234|1234|1234|…  0
 119  norvel        x...xx....x....x...x...x...x...x...x...…     |1234|1234|1234|1234|1234|1234|1234|…  0
 120  norvel        x...x...xx...x...x...x...x...x....x....…     |1234|1234|1234|1234|1234|1234|1234|…  0
 121  norvel        x....x...x...x....x...x...x....x...x...…     |1234|1234|1234|1234|1234|1234|1234|…  1
 122  norvel        x...xx....x...x...x....xxx...xx...xx...…     |1234|1234|1234|1234|1234|1234|1234|…  0
 123  norvel        x....x....x....xx...x....x...x...x....x…     |1234|1234|1234|1234|1234|1234|1234|…  0
 124  norvel        x..x...x..xx..x..x..x..xx...x..x/6           |1234|1234|1234|1234|1234|1234|1234|…  1
 125  norvel        x..x..x..xx..x..xx..xx..x...x..x/4           |1234|1234|1234|1234|1234|1234|1234|…  0
 126  norvel        xxx..x..x..x..x..xx..x...x..x..x/6           |1234|1234|1234|1234|1234|1234|1234|…  0
 127  norvel        x..x...xxx...x...x..xx...x..x..x/2           |1234|1234|1234|1234|1234|1234|1234|…  1
 128  norvel        x...x..x...x...x...x...x...x/5               |1234|1234|1234|1234|1234|1234|1234|…  0
 129  norvel        x..xx..x..xx..x...x...x..x..x..x/5           |1234|1234|1234|1234|1234|1234|1234|…  0
 130  norvel        xxx..xxx..xx..xx...x..x..x..x..x/5           |1234|1234|1234|1234|1234|1234|1234|…  1
 131  norvel        x....xx...x...x...x...x....x...x...x...…     |1234|1234|1234|1234|1234|1234|1234|…  0
 132  norvel        xx...x...xxx...xxx...x...x...x...x....x…     |1234|1234|1234|1234|1234|1234|1234|…  1
 133  norvel        x...xx....xx...x...x....x....xx...x....…     |1234|1234|1234|1234|1234|1234|1234|…  0
 134  norvel        xxx...x...x...x....x...x....x....x....x…     |1234|1234|1234|1234|1234|1234|1234|…  1
 135  norvel        xx...xx..x..x...x..x..x..x..x..x/6           |1234|1234|1234|1234|1234|1234|1234|…  0
 136  norvel        xxx..xx...x..x..x..x...xx..xx..x..xx..x…     |1234|1234|1234|1234|1234|1234|1234|…  0
 137  norvel        x...x...x...x...x...x....x....x....x/6       |1234|1234|1234|1234|1234|1234|1234|…  0
 138  norvel        x...x...x....x....x....x...x...x/5           |1234|1234|1234|1234|1234|1234|1234|…  1
 139  norvel        xx....x....x.....x....x....x....x.....x…     |1234|1234|1234|1234|1234|1234|1234|…  0
 140  norvel        x...x...x....xx....x....x....x...x....x…     |1234|1234|1234|1234|1234|1234|1234|…  1
 141  norvel        x..xxx...xx..xx...xx...xx...x..x..x...x…     |1234|1234|1234|1234|1234|1234|1234|…  0
 142  norvel        xx...xx...xx...xxx...x....x...xx...x/2       |1234|1234|1234|1234|1234|1234|1234|…  0
 143  norvel        x..x...x...x...x...x...xx..x..x...xx/4       |1234|1234|1234|1234|1234|1234|1234|…  0
 144  norvel        x..xx...xx..x...xx...xx..x...xx...x...x…     |1234|1234|1234|1234|1234|1234|1234|…  0
 145  norvel        x....xx....x....xxx....x.....xx....x...…     |1234|1234|1234|1234|1234|1234|1234|…  0
 146  norvel        x...x....x...x....x...x...x...x...x....…     |1234|1234|1234|1234|1234|1234|1234|…  1
 147  norvel        x..x..x..x...x...xx..x..x..xx..x/4           |1234|1234|1234|1234|1234|1234|1234|…  0
 148  norvel        xx..x...xx...xx...xx...x...xxx...x..x..…     |1234|1234|1234|1234|1234|1234|1234|…  1
 149  norvel        x....x....xx...x...xx....xx....xxx...x.…     |1234|1234|1234|1234|1234|1234|1234|…  0
 150  norvel        x...xx..x..x...x..x..x..x..x..xx/6           |1234|1234|1234|1234|1234|1234|1234|…  0
 151  norvel        x....x....x...x...x....xx....x....x...x…     |1234|1234|1234|1234|1234|1234|1234|…  0
 152  norvel        x..x...x..x..x..xx..x..xx...x..x/6           |1234|1234|1234|1234|1234|1234|1234|…  0
 153  norvel        x....xx...x....x....x...xx...xx....x/5       |1234|1234|1234|1234|1234|1234|1234|…  1
 154  norvel        x...x..x..x..x...x..x...x..x/2               |1234|1234|1234|1234|1234|1234|1234|…  1
 155  norvel        xx...x...x...xx...xx..x..x...x...x..x..…     |1234|1234|1234|1234|1234|1234|1234|…  0
 156  norvel        x..x..xxx...xx...xx..x..xxx...xx/5           |1234|1234|1234|1234|1234|1234|1234|…  1
 157  norvel        xx...xxx...xx...x....x...xxx....x....xx…     |1234|1234|1234|1234|1234|1234|1234|…  0
 158  norvel        x...x..x...x...x..x..x..x..x..xx/7           |1234|1234|1234|1234|1234|1234|1234|…  0
 159  norvel        x..x..x..x...xx..xx..x..x..x/6               |1234|1234|1234|1234|1234|1234|1234|…  1
 160  norvel        x...xx...x....x...x...x...x....x...x/3       |1234|1234|1234|1234|1234|1234|1234|…  0
 161  norvel        x....x.....x....x....xx....x.....x....x…     |1234|1234|1234|1234|1234|1234|1234|…  0
 162  norvel        x....x....x...x...x...x...x...x....x/2       |1234|1234|1234|1234|1234|1234|1234|…  0
 163  norvel        x..xxx..x..x...xx...x...x..x/5               |1234|1234|1234|1234|1234|1234|1234|…  0
 164  norvel        x...x...x....x....xx...x...x...x...x...…     |1234|1234|1234|1234|1234|1234|1234|…  0
 165  norvel        x...xx..xx..x..x...x..x..x..x..x..xx/5       |1234|1234|1234|1234|1234|1234|1234|…  0
 166  norvel        x...x....x....x....x...x...x...x...x/2       |1234|1234|1234|1234|1234|1234|1234|…  1
 167  norvel        x..x...x...x...x...x...x...x/2               |1234|1234|1234|1234|1234|1234|1234|…  0
 168  norvel        x...x....x...x....x....x...x...x...x...…     |1234|1234|1234|1234|1234|1234|1234|…  0
 169  norvel        x...x...x...x...x...x....xx...x...x....…     |1234|1234|1234|1234|1234|1234|1234|…  1
 170  norvel        xx....xx...xx...x....xx...x...x...x...x…     |1234|1234|1234|1234|1234|1234|1234|…  0
 171  norvel        x..x..x..xx..x..x..xx..x...x/2               |1234|1234|1234|1234|1234|1234|1234|…  0
 172  norvel        x...x...x...x....x....x...x...x....x...…     |1234|1234|1234|1234|1234|1234|1234|…  0
 173  norvel        x...x..x..x...x..x..x..x...x/6               |1234|1234|1234|1234|1234|1234|1234|…  0
 174  norvel        xx..x...xx..x..x..x..xxx..x..xxx/5           |1234|1234|1234|1234|1234|1234|1234|…  0
 175  norvel        x..x..x...x..x..x..x..x..x..x..x/7           |1234|1234|1234|1234|1234|1234|1234|…  0
 176  norvel        x...xx....x....x....x...xxx...x...xx...…     |1234|1234|1234|1234|1234|1234|1234|…  0
 177  norvel        x..x..x..xx..xx...xx...xx...xx...xxx/2       |1234|1234|1234|1234|1234|1234|1234|…  0
 178  norvel        x....x.....x....x....x....x....xx....x.…     |1234|1234|1234|1234|1234|1234|1234|…  1
 179  norvel        x..x...x..x...x..x...x..xx..x..x...x/5       |1234|1234|1234|1234|1234|1234|1234|…  0
 180  norvel        xx...x...x...x...x...xx...x...x...x....…     |1234|1234|1234|1234|1234|1234|1234|…  0
 181  norvel        x....x....x....xx....xx....x.....xx....…     |1234|1234|1234|1234|1234|1234|1234|…  1
 182  norvel        x..x...x..x..x..x...xx..x..x...x/5           |1234|1234|1234|1234|1234|1234|1234|…  1
 183  norvel        xxx...x...x....x....xx...x...x...xx....…     |1234|1234|1234|1234|1234|1234|1234|…  1
 184  norvel        x.....x....x....xx....xx.....x.....xx..…     |1234|1234|1234|1234|1234|1234|1234|…  0
 185  norvel        x...x...x..x...x..xx..x..x..x..x/7           |1234|1234|1234|1234|1234|1234|1234|…  0
 186  norvel        x...xx...x....x...x....x....x....xx...x…     |1234|1234|1234|1234|1234|1234|1234|…  0
 187  norvel        xx...xx..x..xx..x..x...x..xxx..xx..x/4       |1234|1234|1234|1234|1234|1234|1234|…  1
 188  norvel        x....x...x....xx...xx...x....x...x....x…     |1234|1234|1234|1234|1234|1234|1234|…  0
 189  norvel        x..x...xxx..x..xx..x..x..x..xxx..xxx/6       |1234|1234|1234|1234|1234|1234|1234|…  0
 190  norvel        x....x...xx...x...xx...xx...x....xxx/3       |1234|1234|1234|1234|1234|1234|1234|…  1
 191  norvel        xx..x...xx..xx...x..x...xxx...xx/2           |1234|1234|1234|1234|1234|1234|1234|…  0
 192  norvel        xxx..x..xxx...xx..x..xx..x..x..xx..x/4       |1234|1234|1234|1234|1234|1234|1234|…  0
 193  norvel        x...x...x....x...xx....x....x...x....x.…     |1234|1234|1234|1234|1234|1234|1234|…  1
 194  norvel        x..xxx..x..x..xx..x...x..x...x..x..x/4       |1234|1234|1234|1234|1234|1234|1234|…  1
 195  norvel        xx..x..x...x..xx..xx..xx...xxx...x..x..…     |1234|1234|1234|1234|1234|1234|1234|…  0
 196  norvel        x...x..x..x..x...x..x...x..x/6               |1234|1234|1234|1234|1234|1234|1234|…  0
 197  norvel        x..x..x..xx..x...xx...x..x..xx..x..x/7       |1234|1234|1234|1234|1234|1234|1234|…  1
 198  norvel        x....xx...x...x...x....x...x...x/3           |1234|1234|1234|1234|1234|1234|1234|…  0
 199  norvel        xx...x..x..xx...x...x..x...x...x...x/4       |1234|1234|1234|1234|1234|1234|1234|…  1
 200  norvel        x...xx...x...x...xx...x...x....x...x/2       |1234|1234|1234|1234|1234|1234|1234|…  0
 201  norvel        x...x..xx...x..x..x..xx..x..x..x..xx/4       |1234|1234|1234|1234|1234|1234|1234|…  0
 202  norvel        x..x...xx...x..x..x..x..x...x...x..x/7       |1234|1234|1234|1234|1234|1234|1234|…  0
 203  norvel        xx..xxx..x..x..xx..xxx...xx..x..x..x/4       |1234|1234|1234|1234|1234|1234|1234|…  0
 204  norvel        xx...x...xx..xx...x...x..xx..xxx/2           |1234|1234|1234|1234|1234|1234|1234|…  1
 205  norvel        x..x...x..x...x..x..x...x..x/2               |1234|1234|1234|1234|1234|1234|1234|…  1
 206  norvel        x...x...x..x..x..x...x..x..x/6               |1234|1234|1234|1234|1234|1234|1234|…  0
 207  norvel        xx...x...x...x..x..x..xx...x..xx...xx..…     |1234|1234|1234|1234|1234|1234|1234|…  0
 208  norvel        xx..x..x..x..xx...xxx..x..x..xx..xxx/4       |1234|1234|1234|1234|1234|1234|1234|…  1
 209  norvel        x...x...x....x...x...xx...x...x...x...x…     |1234|1234|1234|1234|1234|1234|1234|…  0
 210  norvel        x....x...x...x....x....x...x...x/5           |1234|1234|1234|1234|1234|1234|1234|…  1
 211  norvel        x...x...x...x....x....xx...x...x/3           |1234|1234|1234|1234|1234|1234|1234|…  1
 212  norvel        xx...x...x..x...xx...x..x..x..xxx..xx..…     |1234|1234|1234|1234|1234|1234|1234|…  1
 213  norvel        x..x..x..x...x..x..x...xx..x/5               |1234|1234|1234|1234|1234|1234|1234|…  0
 214  norvel        x.....xx....x.....x....x....x....x.....…     |1234|1234|1234|1234|1234|1234|1234|…  0
 215  norvel        x...xx...x...x...x...x...x....x...x....…     |1234|1234|1234|1234|1234|1234|1234|…  1
 216  norvel        x..x...x..x..x...x..x...x..x/2               |1234|1234|1234|1234|1234|1234|1234|…  0
 217  norvel        x...x...xx...xx...x...x...x....x/3           |1234|1234|1234|1234|1234|1234|1234|…  1
 218  norvel        x...x....x...x...x....x...x....x/2           |1234|1234|1234|1234|1234|1234|1234|…  0
 219  norvel        x..xx...xxx..x...xx...xx..xx...xx..x/5       |1234|1234|1234|1234|1234|1234|1234|…  0
 220  norvel        x...x..xx...x..x..xx..x..x...xx...xx...…     |1234|1234|1234|1234|1234|1234|1234|…  0
 221  norvel        x....xxx...x....x...x...x...x....x....x…     |1234|1234|1234|1234|1234|1234|1234|…  0
 222  norvel        x...xx...xx...x....xx....x...x....xx...…     |1234|1234|1234|1234|1234|1234|1234|…  0
 223  norvel        x..xx..x..x..x..xx..x..x..xx...x/5           |1234|1234|1234|1234|1234|1234|1234|…  0
 224  norvel        x..x..xx..xx..xx..x..x..x...x..x...x/4       |1234|1234|1234|1234|1234|1234|1234|…  1
 225  norvel        x...x..x..x..x..x..xx..x...x..xx/6           |1234|1234|1234|1234|1234|1234|1234|…  0
 226  norvel        xx..x..x...xx..x..x..x..x..x/5               |1234|1234|1234|1234|1234|1234|1234|…  1
 227  norvel        x..x..x..xx..x..xx..x..x...xx..x...x/7       |1234|1234|1234|1234|1234|1234|1234|…  1
 228  norvel        xxx...xx...x...xx...xx....xx...x...x...…     |1234|1234|1234|1234|1234|1234|1234|…  0
 229  norvel        xx..xx..x..xx..xx...x..x...x/4               |1234|1234|1234|1234|1234|1234|1234|…  0
 230  norvel        x.....x.....x....x....x.....x.....x....…     |1234|1234|1234|1234|1234|1234|1234|…  0
 231  norvel        x..x..x..x...x..x...x...x..x...x..xx/5       |1234|1234|1234|1234|1234|1234|1234|…  0
 232  norvel        x...x....x...x...x...xx...xx...x...x/6       |1234|1234|1234|1234|1234|1234|1234|…  0
 233  norvel        x...x..x..x..x..x...xx..xx..x..x/4           |1234|1234|1234|1234|1234|1234|1234|…  0
 234  norvel        xxx...x....x...xx...x...x...x...x...x..…     |1234|1234|1234|1234|1234|1234|1234|…  0
 235  norvel        x...x...xx...xx...x...x...x....x/5           |1234|1234|1234|1234|1234|1234|1234|…  0
 236  norvel        x...x..x..x..x..x..xx...x...x..x/4           |1234|1234|1234|1234|1234|1234|1234|…  0
 237  norvel        x...x...x...x..x..x..xx..x...x..x..x/5       |1234|1234|1234|1234|1234|1234|1234|…  0
 238  norvel        x...xx..x..x..x..x..x..xx..x...xx..x/5       |1234|1234|1234|1234|1234|1234|1234|…  0
 239  norvel        x...x...x...x...x....xx...x....x...x/5       |1234|1234|1234|1234|1234|1234|1234|…  0
 240  norvel        xx....x...xx...x...xx...xxx...x...xx/5       |1234|1234|1234|1234|1234|1234|1234|…  1
 241  norvel        xx...x..x...x..x..x..x..x...xx..x..x/8       |1234|1234|1234|1234|1234|1234|1234|…  1
 242  norvel        x...xx...xx...x..xx...x..x..xx..x..x...…     |1234|1234|1234|1234|1234|1234|1234|…  1
 243  norvel        x...x...x...xx....xx....xx...x...x....x…     |1234|1234|1234|1234|1234|1234|1234|…  0
 244  norvel        x....x...xx...xx...xx...x...xx...x...xx…     |1234|1234|1234|1234|1234|1234|1234|…  0
 245  norvel        x...xx....xx....x...xxx....xx...x....x.…     |1234|1234|1234|1234|1234|1234|1234|…  0
 246  norvel        x..xx...x..x..x..x..xx..x..x/2               |1234|1234|1234|1234|1234|1234|1234|…  0
 247  norvel        x..xx..x...xx..x..xx..xx..xxx...x..x/4       |1234|1234|1234|1234|1234|1234|1234|…  1
 248  norvel        x....xx...x....xxx....x....x...x...x...…     |1234|1234|1234|1234|1234|1234|1234|…  0
 249  norvel        x..xx...xx...x...x...x..x..x...x/2           |1234|1234|1234|1234|1234|1234|1234|…  0
 250  norvel        x..x...x...x..x...xx...x..x..x..x..x/5       |1234|1234|1234|1234|1234|1234|1234|…  0
 251  norvel        xx...x...x....x....x....x...xx...x...xx…     |1234|1234|1234|1234|1234|1234|1234|…  1
 252  norvel        xxx..x..x...x...x...x..x..x..x..x..x/4       |1234|1234|1234|1234|1234|1234|1234|…  0
 253  norvel        x..x..x...x...xx..xx...xx...x...xx...xx…     |1234|1234|1234|1234|1234|1234|1234|…  1
 254  norvel        x....xx...x....x...xx....xxx....xx....x…     |1234|1234|1234|1234|1234|1234|1234|…  1
 255  norvel        x...xx...x...x....xx...x...xxx....xx...…     |1234|1234|1234|1234|1234|1234|1234|…  0
 256  norvel        x..xx...x...x..x..xx...x...x/5               |1234|1234|1234|1234|1234|1234|1234|…  0
 257  norvel        x...x...x....xx...x...x...x...x...xx/3       |1234|1234|1234|1234|1234|1234|1234|…  1
 258  norvel        x..x..xx..x..xxx..x...xx..xx...x/4           |1234|1234|1234|1234|1234|1234|1234|…  1
 259  norvel        x..x..x..x...x...xx..x..xx..x..x...x/5       |1234|1234|1234|1234|1234|1234|1234|…  0
 260  norvel        x...xx....x...x...x....xxx...x...x...x.…     |1234|1234|1234|1234|1234|1234|1234|…  0
 261  norvel        xx...x....x...x...xxx...xx...x...xx...x…     |1234|1234|1234|1234|1234|1234|1234|…  0
 262  norvel        x...x....x...x...x...x...xx...xx....x..…     |1234|1234|1234|1234|1234|1234|1234|…  0
 263  norvel        xx....x....xx.....xx....x....x....x....…     |1234|1234|1234|1234|1234|1234|1234|…  0
 264  norvel        x....x.....x....x....x....x....x....x..…     |1234|1234|1234|1234|1234|1234|1234|…  0
 265  norvel        x..x...x..x...x..x..xx..x...x...x..x/7       |1234|1234|1234|1234|1234|1234|1234|…  0
 266  norvel        x....x...x...x....xx....x...xx....x...x…     |1234|1234|1234|1234|1234|1234|1234|…  1
 267  norvel        x....x....x.....x....xx.....xx.....x...…     |1234|1234|1234|1234|1234|1234|1234|…  1
 268  norvel        x....xx...x...xx....x...x....x....x...x…     |1234|1234|1234|1234|1234|1234|1234|…  1
 269  norvel        x...x..x...x..x..xx..x..x..x/5               |1234|1234|1234|1234|1234|1234|1234|…  0
 270  norvel        x..xx..x...x...xx...x...x...x..xx..xx..…     |1234|1234|1234|1234|1234|1234|1234|…  0
 271  norvel        x...x...x...x...x...x...x....x....x...x…     |1234|1234|1234|1234|1234|1234|1234|…  0
 272  norvel        x...x..x..x..x...x..x..x...xx..x/4           |1234|1234|1234|1234|1234|1234|1234|…  0
 273  norvel        x...x..x..xx...x...xx...x..x/2               |1234|1234|1234|1234|1234|1234|1234|…  1
 274  norvel        xxx....x...x....x....x...x...x....xx/5       |1234|1234|1234|1234|1234|1234|1234|…  0
 275  norvel        x....x...x...x...x...xx...x....x...x/3       |1234|1234|1234|1234|1234|1234|1234|…  1
 276  norvel        xx..x...xx..xx..xx...x...x..x..x/6           |1234|1234|1234|1234|1234|1234|1234|…  1
 277  norvel        x..x..x..xx..xx..x..x...x..x/5               |1234|1234|1234|1234|1234|1234|1234|…  1
 278  norvel        x...x....x...x...xx...xx...xxx...x...x.…     |1234|1234|1234|1234|1234|1234|1234|…  1
 279  norvel        x..x..x...xx...x...x..x..x..x...x..x/5       |1234|1234|1234|1234|1234|1234|1234|…  0
 280  norvel        x...x..x...xx..x..x...x..x..x..xx..x/6       |1234|1234|1234|1234|1234|1234|1234|…  0
 281  norvel        x....x...x...x....xx...xx...xx....x...x…     |1234|1234|1234|1234|1234|1234|1234|…  1
 282  norvel        x....x....xx...x....x....x....x...x...x…     |1234|1234|1234|1234|1234|1234|1234|…  0
 283  norvel        x...x...x....xxx...x...xx....x....xx/2       |1234|1234|1234|1234|1234|1234|1234|…  0
 284  norvel        x...x...xxx...x...xx...xxx...x...x...xx…     |1234|1234|1234|1234|1234|1234|1234|…  0
 285  norvel        xxx....x...xx....x...x....x...x....x...…     |1234|1234|1234|1234|1234|1234|1234|…  0
 286  norvel        xx..x..x...x...xx..x...x..xx...x/5           |1234|1234|1234|1234|1234|1234|1234|…  1
 287  norvel        xx...x..xx..x..xx..xxx..x..x..xx/5           |1234|1234|1234|1234|1234|1234|1234|…  0
 288  norvel        x...x..x..xx...xx..xx...xx..x..x/2           |1234|1234|1234|1234|1234|1234|1234|…  0
 289  norvel        x....x....xx....x...x....xx...x...x...x…     |1234|1234|1234|1234|1234|1234|1234|…  0
 290  norvel        x...x...x...x....x...x...xxx...x...x/6       |1234|1234|1234|1234|1234|1234|1234|…  0
 291  norvel        x..xx..x..x..xx..x..x..x...x/4               |1234|1234|1234|1234|1234|1234|1234|…  1
 292  norvel        x...x...x...x...x...x....x...x...x....x…     |1234|1234|1234|1234|1234|1234|1234|…  0
 293  norvel        x....x....xx....xx.....x.....xxx....xx.…     |1234|1234|1234|1234|1234|1234|1234|…  0
 294  norvel        x....xx...xx...xx...x...x...x....xx....…     |1234|1234|1234|1234|1234|1234|1234|…  0
 295  norvel        xx...x....xx...x...x...x...x...x...x/2       |1234|1234|1234|1234|1234|1234|1234|…  1
 296  norvel        x....x...xx...x...x...x...x...x...xx/2       |1234|1234|1234|1234|1234|1234|1234|…  0
 297  norvel        x...x....x....xx...x...xx....x...xx...x…     |1234|1234|1234|1234|1234|1234|1234|…  0
 298  norvel        x..xxx..x..xx...xx..x..xx..x..xx..xx/5       |1234|1234|1234|1234|1234|1234|1234|…  0
 299  norvel        x....xx....x...x...x....xx...xx...x...x…     |1234|1234|1234|1234|1234|1234|1234|…  0
 300  norvel        x..xx..x...x..x..xx..xxx...x..xx...x/5       |1234|1234|1234|1234|1234|1234|1234|…  0
 301  norvel        x...xx...x...x...x...x...x....x...x....…     |1234|1234|1234|1234|1234|1234|1234|…  0
 302  norvel        x..x..x..x..x...x...x...xx..x..x...x/8       |1234|1234|1234|1234|1234|1234|1234|…  0
 303  norvel        x...x..x..x..x..x...x..x..xx/4               |1234|1234|1234|1234|1234|1234|1234|…  1
 304  norvel        xx...x....xx...xx...x...x...xx...x...xx…     |1234|1234|1234|1234|1234|1234|1234|…  0
 305  norvel        x....x....xx...xx...x...xx...x....x...x…     |1234|1234|1234|1234|1234|1234|1234|…  0
 306  norvel        x....xx....x....x...xx....xx....xxx....…     |1234|1234|1234|1234|1234|1234|1234|…  1
 307  norvel        x...x...x...x...xx...x..x..x...x..xx/5       |1234|1234|1234|1234|1234|1234|1234|…  0
 308  norvel        x....xxx....x.....xx....x....x....x....…     |1234|1234|1234|1234|1234|1234|1234|…  0
 309  norvel        x..x..x..x..x..xx..xx...x..x/4               |1234|1234|1234|1234|1234|1234|1234|…  1
 310  norvel        xx...x...x...x....x...x...xx...x/2           |1234|1234|1234|1234|1234|1234|1234|…  1
 311  norvel        xx...xxx..xx..x...x...x...x..xx...xx/6       |1234|1234|1234|1234|1234|1234|1234|…  0
 312  norvel        x..x..xxx..x..xx..xx..xx...x..xx..x...x…     |1234|1234|1234|1234|1234|1234|1234|…  0
 313  norvel        x...xx...xx..x...x...x..xxx..x...xx..xx…     |1234|1234|1234|1234|1234|1234|1234|…  1
 314  norvel        xx....x...x...xxx....x...x...x....xx...…     |1234|1234|1234|1234|1234|1234|1234|…  0
 315  norvel        x..x..xx..xxx..xx..x...x..xx...x/5           |1234|1234|1234|1234|1234|1234|1234|…  0
 316  norvel        x..x..xx...xx..xxx..x..xx..x...x..xx..x…     |1234|1234|1234|1234|1234|1234|1234|…  0
 317  norvel        xx...x...xx...xx...x...xx..x..xxx..x/2       |1234|1234|1234|1234|1234|1234|1234|…  0
 318  norvel        x....x...x...xx...xx...xx...x....xx...x…     |1234|1234|1234|1234|1234|1234|1234|…  0
 319  norvel        x...x...x...xx....x...x...x...xx/3           |1234|1234|1234|1234|1234|1234|1234|…  1
 320  norvel        xx...xx..x..xx..xx..x...x...x..x..xx..x…     |1234|1234|1234|1234|1234|1234|1234|…  1
 321  norvel        x...x..x..x...x..x..xx...x..x..x..xx/8       |1234|1234|1234|1234|1234|1234|1234|…  0
 322  norvel        x..x..x..x..xx..x..xx..x...x/2               |1234|1234|1234|1234|1234|1234|1234|…  1
 323  norvel        xx....xx....x....x....x...x...x....xx..…     |1234|1234|1234|1234|1234|1234|1234|…  0
 324  norvel        x...x...x...x..x..x..x..x..x/2               |1234|1234|1234|1234|1234|1234|1234|…  0
 325  norvel        x..xx..x..x..xx..x..xx...xx...xx/4           |1234|1234|1234|1234|1234|1234|1234|…  0
 326  norvel        xx..x..x..x..x..x..xx..x...x/4               |1234|1234|1234|1234|1234|1234|1234|…  0
 327  norvel        x....xx....xx.....x....xx.....x.....x..…     |1234|1234|1234|1234|1234|1234|1234|…  1
 328  norvel        x...x...xx..x..xxx...x..xx..x..x/6           |1234|1234|1234|1234|1234|1234|1234|…  0
 329  norvel        xx.....x....x....x....x....x.....x....x…     |1234|1234|1234|1234|1234|1234|1234|…  0
 330  norvel        xx..x..xx...x...xx..x..x...x/5               |1234|1234|1234|1234|1234|1234|1234|…  1
 331  norvel        xxx..x..xxx..x..x...xx..xxx..x..x..x/7       |1234|1234|1234|1234|1234|1234|1234|…  1
 332  norvel        x...x....x...x...x...x...x....xx/3           |1234|1234|1234|1234|1234|1234|1234|…  0
 333  norvel        x...x...x...xx....xx...xx...xx....x....…     |1234|1234|1234|1234|1234|1234|1234|…  1
 334  norvel        xx...x...x...xx...x...xxx...x...xx...xx…     |1234|1234|1234|1234|1234|1234|1234|…  0
 335  norvel        x...x...x..x..xx..xx..x..x..x..x..xx/4       |1234|1234|1234|1234|1234|1234|1234|…  1
 336  norvel        xx...x...x...x...x...xx....x...x/3           |1234|1234|1234|1234|1234|1234|1234|…  0
 337  norvel        x...x..x...x..x..x...x..x..x/2               |1234|1234|1234|1234|1234|1234|1234|…  1
 338  norvel        x..x...x..x..x..xx..x...x..x/4               |1234|1234|1234|1234|1234|1234|1234|…  0
 339  norvel        xx.....x....x....x.....x....x....x....x…     |1234|1234|1234|1234|1234|1234|1234|…  1
 340  norvel        x...x..x..x...x...x..x...x...x..x..x/7       |1234|1234|1234|1234|1234|1234|1234|…  0
 341  norvel        x...x...xx...x...xx....xx...xx...xx...x…     |1234|1234|1234|1234|1234|1234|1234|…  0
 342  norvel        x...x..x..xx..x..x..x...x..x..xxx..x/6       |1234|1234|1234|1234|1234|1234|1234|…  0
 343  norvel        x....xx...x....x...xx...xx...x....x....…     |1234|1234|1234|1234|1234|1234|1234|…  0
 344  norvel        xx..xx..x...x..x...xx...x..x/5               |1234|1234|1234|1234|1234|1234|1234|…  0
 345  norvel        x...x...x...xx...x...xx....x...xx...x..…     |1234|1234|1234|1234|1234|1234|1234|…  0
 346  norvel        x....x....xx...x...x....x....x...xx...x…     |1234|1234|1234|1234|1234|1234|1234|…  1
 347  norvel        x....xx....xxx.....x.....xx....xx....x.…     |1234|1234|1234|1234|1234|1234|1234|…  0
 348  norvel        x..x...x...x..x..x...x...x...x..x..x/7       |1234|1234|1234|1234|1234|1234|1234|…  0
 349  norvel        xx...x...xx...x...xx...xx...xxx...x....…     |1234|1234|1234|1234|1234|1234|1234|…  1
 350  norvel        x..x..x..x...x..x..x...xx..xx..x..xx/7       |1234|1234|1234|1234|1234|1234|1234|…  1
 351  norvel        x..xxx..x...xx..x..x..xx...x...x..xxx..…     |1234|1234|1234|1234|1234|1234|1234|…  0
 352  norvel        x..x..x...x..x..x...x...x...x..x...x/8       |1234|1234|1234|1234|1234|1234|1234|…  1
 353  norvel        x....x.....x....xx.....x....xx.....x...…     |1234|1234|1234|1234|1234|1234|1234|…  1
 354  norvel        x....xxx...x....x...x...x...x....x....x…     |1234|1234|1234|1234|1234|1234|1234|…  1
 355  norvel        xx...xx...x...x...x....x...x...x/5           |1234|1234|1234|1234|1234|1234|1234|…  0
 356  norvel        xxx...xx..x..x...x...x...x..x..x...x/6       |1234|1234|1234|1234|1234|1234|1234|…  0
 357  norvel        xxx...x...x...x...xx...xx...xx...x....x…     |1234|1234|1234|1234|1234|1234|1234|…  0
 358  norvel        x...xx..x...xx...x...x..x...x...x...x..…     |1234|1234|1234|1234|1234|1234|1234|…  0
 359  norvel        xx..xx...xx..x..x..xx...x..x..xxx..x...…     |1234|1234|1234|1234|1234|1234|1234|…  1
 360  norvel        x...x..x...xx..xx..x..x...x..x..x..x/4       |1234|1234|1234|1234|1234|1234|1234|…  0
 361  norvel        xx....xx...xx...x....xx...x....x...xx..…     |1234|1234|1234|1234|1234|1234|1234|…  0
 362  norvel        xx...xx...x...x..xxx...x..xx..xx..xx/2       |1234|1234|1234|1234|1234|1234|1234|…  0
 363  norvel        x..x...x..xx...xx..x..x..x..x..x...x/6       |1234|1234|1234|1234|1234|1234|1234|…  0
 364  norvel        x..x..x..x..x..x..xx..x...xx/6               |1234|1234|1234|1234|1234|1234|1234|…  0
 365  norvel        x....x....x.....x....x....xxx.....x....…     |1234|1234|1234|1234|1234|1234|1234|…  0
 366  norvel        x...x..x..x...x..x..x...x...x..x...x/4       |1234|1234|1234|1234|1234|1234|1234|…  0
 367  norvel        x..x..x...x..xx...xx..xx...x/5               |1234|1234|1234|1234|1234|1234|1234|…  0
 368  norvel        x.....x....xx....x....x....x....xx.....…     |1234|1234|1234|1234|1234|1234|1234|…  1
 369  norvel        xx...x...x..x..xx..x..x..xx...xx...xx..…     |1234|1234|1234|1234|1234|1234|1234|…  0
 370  norvel        x...x....x...x...x...x...x...x...x....x…     |1234|1234|1234|1234|1234|1234|1234|…  0
 371  norvel        x..x...xx..x..x...x...x..x..x..x...x/7       |1234|1234|1234|1234|1234|1234|1234|…  1
 372  norvel        xx...xx...x....xx...xx....x...x...xx/3       |1234|1234|1234|1234|1234|1234|1234|…  0
 373  norvel        x...x....x...x...x...x...x....x....x...…     |1234|1234|1234|1234|1234|1234|1234|…  0
 374  norvel        x...xx...x....x...x...x...x...x...x....…     |1234|1234|1234|1234|1234|1234|1234|…  1
 375  norvel        x...xx....x...x....x...x....xx...xx...x…     |1234|1234|1234|1234|1234|1234|1234|…  0
 376  norvel        xx....x....x.....x.....x....x.....xx...…     |1234|1234|1234|1234|1234|1234|1234|…  1
 377  norvel        x...xx...x...x....xx...x...xxx...xxx...…     |1234|1234|1234|1234|1234|1234|1234|…  1
 378  norvel        x...xx....xx...x....xxx...x...x...x...x…     |1234|1234|1234|1234|1234|1234|1234|…  0
 379  norvel        x..x..x...x...xx...x..x..x..xx..x..x/4       |1234|1234|1234|1234|1234|1234|1234|…  0
 380  norvel        x.....x....x.....x....x.....x....x....x…     |1234|1234|1234|1234|1234|1234|1234|…  0
 381  norvel        x..x...x..x..x..xx..x..x..xx/6               |1234|1234|1234|1234|1234|1234|1234|…  1
 382  norvel        x...x...x..xx..xx..x..x...xx/2               |1234|1234|1234|1234|1234|1234|1234|…  0
 383  norvel        x...x...xx...x..x..xx..x...x...x/6           |1234|1234|1234|1234|1234|1234|1234|…  0
 384  norvel        xx...x..x..x..x..x..x...x..x...x..xx/5       |1234|1234|1234|1234|1234|1234|1234|…  0
 385  norvel        x...x...x...xx...x....x...x...x....x...…     |1234|1234|1234|1234|1234|1234|1234|…  0
 386  norvel        x...x...x....x...x...x....x....x/5           |1234|1234|1234|1234|1234|1234|1234|…  0
 387  norvel        x...x...x...xx....xx...x...x...x/3           |1234|1234|1234|1234|1234|1234|1234|…  0
 388  norvel        xx....xxx....x....xx...x...xx...xx....x…     |1234|1234|1234|1234|1234|1234|1234|…  0
 389  norvel        x..x..x..x...x...x..x...x..x/4               |1234|1234|1234|1234|1234|1234|1234|…  0
 390  norvel        x....x....x....x....x....x.....x....x..…     |1234|1234|1234|1234|1234|1234|1234|…  0
 391  norvel        x...x....x....x...x....x...x...x/5           |1234|1234|1234|1234|1234|1234|1234|…  0
 392  norvel        x....x....x....x....x....x....x....x...…     |1234|1234|1234|1234|1234|1234|1234|…  0
 393  norvel        xx..x..x..xx..x...xx..x...xx..xxx..xx..…     |1234|1234|1234|1234|1234|1234|1234|…  0
 394  norvel        xx...xx...xx...x...x....x....xxx...x...…     |1234|1234|1234|1234|1234|1234|1234|…  0
 395  norvel        x...x....x...xx....x...xxx....x....x/5       |1234|1234|1234|1234|1234|1234|1234|…  0
 396  norvel        xx...x....x...xx...x...xxx...x....x....…     |1234|1234|1234|1234|1234|1234|1234|…  0
 397  norvel        xxx...xx..x...x..x...xx...x..xx...xx/2       |1234|1234|1234|1234|1234|1234|1234|…  1
 398  norvel        x...x....x....x....x...x....x....xx...x…     |1234|1234|1234|1234|1234|1234|1234|…  1
 399  norvel        x..x...x..x..x..x...x..x...x...x...x/8       |1234|1234|1234|1234|1234|1234|1234|…  0
 400  norvel        xx...x....x...x...x...x....xx....x....x…     |1234|1234|1234|1234|1234|1234|1234|…  0
 401  norvel        xx..x..x...x..x..x..xxx..xx..xxx/4           |1234|1234|1234|1234|1234|1234|1234|…  0
 402  norvel        x..x..xxx..xx..xx...xx..x...xx..x..x..x…     |1234|1234|1234|1234|1234|1234|1234|…  0
 403  norvel        x....x...xx...x...x....x...x....x....x.…     |1234|1234|1234|1234|1234|1234|1234|…  0
 404  norvel        xx...xx...xxx..x...xx..x..xxx..x/5           |1234|1234|1234|1234|1234|1234|1234|…  0
 405  norvel        xx....x....x....x....x....x....x....x..…     |1234|1234|1234|1234|1234|1234|1234|…  1
 406  norvel        xx...xx..xx..xx...xx..x..xxx...x...x/2       |1234|1234|1234|1234|1234|1234|1234|…  1
 407  norvel        x...xx...x...xx...x...x...x...x...x...x…     |1234|1234|1234|1234|1234|1234|1234|…  1
 408  norvel        xx...x...xx...x...xx...xx...x....x....x…     |1234|1234|1234|1234|1234|1234|1234|…  0
 409  norvel        x...x...x...x....x....x....x...x...x/2       |1234|1234|1234|1234|1234|1234|1234|…  1
 410  norvel        xx...xx....xx...xx...xx...x...x...xx/2       |1234|1234|1234|1234|1234|1234|1234|…  0
 411  norvel        xx....x...xx...x...xx...x...xx....x....…     |1234|1234|1234|1234|1234|1234|1234|…  0
 412  norvel        x..x..x...x...x..xx...xx..x..x..x..x/8       |1234|1234|1234|1234|1234|1234|1234|…  1
 413  norvel        x...x...x....xx...x...xx...x...x/5           |1234|1234|1234|1234|1234|1234|1234|…  0
 414  norvel        x....x....x.....x....x....x....x....x..…     |1234|1234|1234|1234|1234|1234|1234|…  0
 415  norvel        x...x...xx...xx...x...x...x...x...x....…     |1234|1234|1234|1234|1234|1234|1234|…  1
 416  norvel        x...x...x...x...x...xx...x...x...x....x…     |1234|1234|1234|1234|1234|1234|1234|…  1
 417  norvel        xx....x...xx...x...xx....xx....x...xx..…     |1234|1234|1234|1234|1234|1234|1234|…  0
 418  norvel        x...x..x..x...x..x..x...x..x/2               |1234|1234|1234|1234|1234|1234|1234|…  1
 419  norvel        xxx...x...x..x..x...x...x..x/2               |1234|1234|1234|1234|1234|1234|1234|…  0
 420  norvel        x....x...x...x...x...x....x...xx...x...…     |1234|1234|1234|1234|1234|1234|1234|…  0
 421  norvel        xx....x....x....x....x....x.....x....x.…     |1234|1234|1234|1234|1234|1234|1234|…  0
 422  norvel        x.....x....x....x.....x....x....x....x.…     |1234|1234|1234|1234|1234|1234|1234|…  0
 423  norvel        x...xx...x...xx....x....x....xx...x....…     |1234|1234|1234|1234|1234|1234|1234|…  0
 424  norvel        xx...xx...xx...x....x...x...xx...xx...x…     |1234|1234|1234|1234|1234|1234|1234|…  1
 425  norvel        x....x....x....xx....x....x.....x....x.…     |1234|1234|1234|1234|1234|1234|1234|…  0
 426  norvel        xx...x..x..x..x...x..x..x..x...xx..x/4       |1234|1234|1234|1234|1234|1234|1234|…  0
 427  norvel        x..x..x..x..x...xx...x..x...x..x/7           |1234|1234|1234|1234|1234|1234|1234|…  1
 428  norvel        x...x....x....x...x....x...x...x...x...…     |1234|1234|1234|1234|1234|1234|1234|…  1
 429  norvel        x...x...x...x...xx....x....x...x...x...…     |1234|1234|1234|1234|1234|1234|1234|…  0
 430  norvel        x.....x....x....x....x....x.....x....x.…     |1234|1234|1234|1234|1234|1234|1234|…  0
 431  norvel        x.....xx.....xx....x....x....x....x....…     |1234|1234|1234|1234|1234|1234|1234|…  0
 432  norvel        x...x....x...x...x...x...x...xx....x...…     |1234|1234|1234|1234|1234|1234|1234|…  0
 433  norvel        x...x..xx..x..x..x..x..xx..x/2               |1234|1234|1234|1234|1234|1234|1234|…  1
 434  norvel        xx...x..x..x..xx..x...xx...x/2               |1234|1234|1234|1234|1234|1234|1234|…  0
 435  norvel        x..x...xx..x...x..x..x..x..x/5               |1234|1234|1234|1234|1234|1234|1234|…  0
 436  norvel        x..x...x..x..x...x...x..x..x/2               |1234|1234|1234|1234|1234|1234|1234|…  1
 437  norvel        xx..x..x...x..x...x..x..x..x...x..xx/4       |1234|1234|1234|1234|1234|1234|1234|…  1
 438  norvel        x...x...x....x...x...xx....x...x...x/5       |1234|1234|1234|1234|1234|1234|1234|…  0
 439  norvel        x....x...x....x....x...x...x...x...x...…     |1234|1234|1234|1234|1234|1234|1234|…  0
 440  norvel        x..x..x..x..x...x...x..x...x/6               |1234|1234|1234|1234|1234|1234|1234|…  0
 441  norvel        x..x..x..x...x..x..x...x...x/2               |1234|1234|1234|1234|1234|1234|1234|…  0
 442  norvel        xx...xx...x..xx...xx...x...xx..x..xx/2       |1234|1234|1234|1234|1234|1234|1234|…  1
 443  norvel        x...x...x...x...x....x....x...x...x...x…     |1234|1234|1234|1234|1234|1234|1234|…  1
 444  norvel        x...x....x....x...x...x....x...x/5           |1234|1234|1234|1234|1234|1234|1234|…  1
 445  norvel        x...xx...x..x...xx...x..x..x/2               |1234|1234|1234|1234|1234|1234|1234|…  0
 446  norvel        x...x...xx...xxx....x...x...x....xx...x…     |1234|1234|1234|1234|1234|1234|1234|…  0
 447  norvel        x...x....x....x....x....x...x....xx...x…     |1234|1234|1234|1234|1234|1234|1234|…  0
 448  norvel        x..x..x..x...x...x..x..x...x...x...x/6       |1234|1234|1234|1234|1234|1234|1234|…  0
 449  norvel        x..xx..xx...x...x..x..x..x..x...x..x/6       |1234|1234|1234|1234|1234|1234|1234|…  1
 450  norvel        x...x...x...x...x....x...x....x...x...x…     |1234|1234|1234|1234|1234|1234|1234|…  0
 451  norvel        xx..x..x..x..x..x...x..x...x/4               |1234|1234|1234|1234|1234|1234|1234|…  0
 452  norvel        x...x...xx....x....x....x....x....x....…     |1234|1234|1234|1234|1234|1234|1234|…  0
 453  norvel        xx..x...xx...x..xx...x...xxx..xx/2           |1234|1234|1234|1234|1234|1234|1234|…  1
 454  norvel        x...xxx..x...x..x..x...x...xx..x...x..x…     |1234|1234|1234|1234|1234|1234|1234|…  0
 455  norvel        x..xx..x..xx...x...xx...x..x/5               |1234|1234|1234|1234|1234|1234|1234|…  0
 456  norvel        x...xx....x...x....xx....xx...x...x....…     |1234|1234|1234|1234|1234|1234|1234|…  0
 457  norvel        x...x...x....x....x...x...xxx....xx....…     |1234|1234|1234|1234|1234|1234|1234|…  0
 458  norvel        x..x..x..x..x..x...x..x..x..x..x/5           |1234|1234|1234|1234|1234|1234|1234|…  0
 459  norvel        xxx....x...x....x...x...x...x....x....x…     |1234|1234|1234|1234|1234|1234|1234|…  0
 460  norvel        x....x.....xx....xx....x....x....xx....…     |1234|1234|1234|1234|1234|1234|1234|…  1
 461  norvel        xx..xx..x...xx..xxx...x..xx...x...xx/6       |1234|1234|1234|1234|1234|1234|1234|…  0
 462  norvel        x...x...x....x....x....x...x...x...x...…     |1234|1234|1234|1234|1234|1234|1234|…  0
 463  norvel        x...x...x....x...xx...x...x...x...x...x…     |1234|1234|1234|1234|1234|1234|1234|…  0
 464  norvel        x...x...x....x...x...x....x...x...xx...…     |1234|1234|1234|1234|1234|1234|1234|…  1
 465  norvel        x..xxx..x...x...xxx..x...xx..x..x..xx..…     |1234|1234|1234|1234|1234|1234|1234|…  0
 466  norvel        x...x...x..x...x..xx..x...xxx..x/2           |1234|1234|1234|1234|1234|1234|1234|…  1
 467  norvel        x....xx...xx...x....x...xx...x...xx...x…     |1234|1234|1234|1234|1234|1234|1234|…  0
 468  norvel        x....x....xxx....x....x....x....xx....x…     |1234|1234|1234|1234|1234|1234|1234|…  0
 469  norvel        x.....x....x....x....x.....x.....x....x…     |1234|1234|1234|1234|1234|1234|1234|…  0
 470  norvel        xx...x...x....xx....x...xx...x...xxx...…     |1234|1234|1234|1234|1234|1234|1234|…  0
 471  norvel        x...x..x..x...xx..xx..xx..x..x..x..x/5       |1234|1234|1234|1234|1234|1234|1234|…  0
 472  norvel        x...x...xx...x...xx...x...x...x...x...x…     |1234|1234|1234|1234|1234|1234|1234|…  1
 473  norvel        xx...x...x..xx...x..xx..x...x..x/6           |1234|1234|1234|1234|1234|1234|1234|…  0
 474  norvel        xx....xxx.....x.....x....xx....xx....x.…     |1234|1234|1234|1234|1234|1234|1234|…  0
 475  norvel        x.....x.....x....x....x....x....xx....x…     |1234|1234|1234|1234|1234|1234|1234|…  0
 476  norvel        xx..x...x..x..xxx..xx..x..xx...x..x...x…     |1234|1234|1234|1234|1234|1234|1234|…  0
 477  norvel        x....x....x...x...x....x...x....xx...xx…     |1234|1234|1234|1234|1234|1234|1234|…  1
 478  norvel        x..xx..x..xx..x...x..x...x..x..xx..x/4       |1234|1234|1234|1234|1234|1234|1234|…  0
 479  norvel        x..x...xx..xx..x..x..x...xx...xx/4           |1234|1234|1234|1234|1234|1234|1234|…  0
 480  norvel        x..x...x...x..x..x...x..x...x..x/6           |1234|1234|1234|1234|1234|1234|1234|…  0
 481  norvel        x..xxx..x..x...x..xx..xx..x..x..x..x/6       |1234|1234|1234|1234|1234|1234|1234|…  0
 482  norvel        x..x...x...x..x...x..x..x..x/2               |1234|1234|1234|1234|1234|1234|1234|…  0
 483  norvel        x...x...x...x...x...x....x....x....x/2       |1234|1234|1234|1234|1234|1234|1234|…  0
 484  norvel        x....x...xx....x...x...x...x...x/3           |1234|1234|1234|1234|1234|1234|1234|…  1
 485  norvel        x....x....x...x...x...x....x...x/2           |1234|1234|1234|1234|1234|1234|1234|…  0
 486  norvel        x...x..x...x...x...xx..xx..x...x/2           |1234|1234|1234|1234|1234|1234|1234|…  0
 487  norvel        xx...xx...xxx....x...xx....x....x...x..…     |1234|1234|1234|1234|1234|1234|1234|…  0
 488  norvel        x...x...xx...xx....x...x....x...x....x.…     |1234|1234|1234|1234|1234|1234|1234|…  0
 489  norvel        xxx.....x....xx....x.....x....x....xx..…     |1234|1234|1234|1234|1234|1234|1234|…  0
 490  norvel        xx...x...x...x....x....x...x...x...x...…     |1234|1234|1234|1234|1234|1234|1234|…  0
 491  norvel        x..x...x...x...x..x..x..x..x..xx/5           |1234|1234|1234|1234|1234|1234|1234|…  1
 492  norvel        xx..x..xx...xx...xxx..xx..x..x..x..x...…     |1234|1234|1234|1234|1234|1234|1234|…  0
 493  norvel        x...x...x...x..x..x..x..x..x/2               |1234|1234|1234|1234|1234|1234|1234|…  1
 494  norvel        x..x..x..x..xx..x..xx...x..x...x/4           |1234|1234|1234|1234|1234|1234|1234|…  0
 495  norvel        x...xx...x...x....x...x...xx...x...x/5       |1234|1234|1234|1234|1234|1234|1234|…  0
 496  norvel        xxx...x..x..x..x...xx...x..x...x/2           |1234|1234|1234|1234|1234|1234|1234|…  1
 497  norvel        xx....x....x...x...x...x....x...x....xx…     |1234|1234|1234|1234|1234|1234|1234|…  0
 498  norvel        x...x...x....x....x...x...x....x/5           |1234|1234|1234|1234|1234|1234|1234|…  1
 499  norvel        xx..x..xx..x..x..x..x...xx..x..x/6           |1234|1234|1234|1234|1234|1234|1234|…  1
 500  norvel        x..x...x...x..x..x...x...x..x..x...x/4       |1234|1234|1234|1234|1234|1234|1234|…  1
 501  norvel        xx...x..x..x..xx..xx...xx..xx..x..xx..x…     |1234|1234|1234|1234|1234|1234|1234|…  0
 502  norvel        xx...x...x...xxx...x...x...xx...xx....x…     |1234|1234|1234|1234|1234|1234|1234|…  0
 503  norvel        xx...x...x....x...xxx...x....x....x....…     |1234|1234|1234|1234|1234|1234|1234|…  1
 504  norvel        x.....x....x....xx....x....x....x....x.…     |1234|1234|1234|1234|1234|1234|1234|…  1
 505  norvel        x...x..x..x..x..x..xx..x..xx/5               |1234|1234|1234|1234|1234|1234|1234|…  1
 506  norvel        x.....x....x....x....x....x....x.....x.…     |1234|1234|1234|1234|1234|1234|1234|…  1
 507  norvel        x..x...x..xx...x...x..x..x..x...x..x/8       |1234|1234|1234|1234|1234|1234|1234|…  0
 508  norvel        x....xx....x...xx....x...x...x...xx...x…     |1234|1234|1234|1234|1234|1234|1234|…  1
 509  norvel        x..x...xxx...xx..x...xx..x..x..x/6           |1234|1234|1234|1234|1234|1234|1234|…  0
 510  norvel        xx....xx...x...xx....xx....xx...x....xx…     |1234|1234|1234|1234|1234|1234|1234|…  1
 511  norvel        x...x..x..x...x..xx..x..x..x/5               |1234|1234|1234|1234|1234|1234|1234|…  1
 512  norvel        x...x...x...x...x..x..xxx..x...x/2           |1234|1234|1234|1234|1234|1234|1234|…  0
 513  norvel        x...xx...x...x...xx....x...x...x...x...…     |1234|1234|1234|1234|1234|1234|1234|…  0
 514  norvel        xx...x..xx...xx..x..xx..x...xx..x..x..x…     |1234|1234|1234|1234|1234|1234|1234|…  1
 515  norvel        x....x...x...x...x...x...x...x....x....…     |1234|1234|1234|1234|1234|1234|1234|…  0
 516  norvel        x....xx....x....x....x.....x....x....x.…     |1234|1234|1234|1234|1234|1234|1234|…  0
 517  norvel        x..x...x...x...x..x..xx..x..x..x/7           |1234|1234|1234|1234|1234|1234|1234|…  1
 518  norvel        x...x....x...xx...x...x...x...x....x...…     |1234|1234|1234|1234|1234|1234|1234|…  0
 519  norvel        x..x..xx..xx..xx...x...xx...x..x/4           |1234|1234|1234|1234|1234|1234|1234|…  1
 520  norvel        x..x...x..x..x..x..xx...xx..x..x/5           |1234|1234|1234|1234|1234|1234|1234|…  0
 521  norvel        x..xx..x..x..x..x...x...x..x...x/7           |1234|1234|1234|1234|1234|1234|1234|…  0
 522  norvel        x...xx...x...x...xxx....x...x...xx...xx…     |1234|1234|1234|1234|1234|1234|1234|…  1
 523  norvel        xx....x....x....x....x....x.....x....x.…     |1234|1234|1234|1234|1234|1234|1234|…  1
 524  norvel        x..x..x...xxx..x..xx..x..x...xx..xx..xx…     |1234|1234|1234|1234|1234|1234|1234|…  1
 525  norvel        x...x..x...x..x...x...x..x..x..xx..x/8       |1234|1234|1234|1234|1234|1234|1234|…  0
 526  norvel        x....x....x....x.....xx....xx....xx....…     |1234|1234|1234|1234|1234|1234|1234|…  1
 527  norvel        xx....x....x....x....x.....x....xxx....…     |1234|1234|1234|1234|1234|1234|1234|…  0
 528  norvel        x...x...x...xx..x...x...x..xx..x/4           |1234|1234|1234|1234|1234|1234|1234|…  1
 529  norvel        x....xx....x....xx.....x....xx....x....…     |1234|1234|1234|1234|1234|1234|1234|…  1
 530  norvel        x...x...x....xx...x....x....x....x...x.…     |1234|1234|1234|1234|1234|1234|1234|…  0
 531  norvel        xx...x..xx..xxx..x...xx..xx..x...x..x..…     |1234|1234|1234|1234|1234|1234|1234|…  0
 532  norvel        x...x..xx..xxx..xx..x...x..x/4               |1234|1234|1234|1234|1234|1234|1234|…  0
 533  norvel        x.....x.....xx....x.....x....x.....x...…     |1234|1234|1234|1234|1234|1234|1234|…  0
 534  norvel        x...x....xxx....xxx....x....x....x...xx…     |1234|1234|1234|1234|1234|1234|1234|…  0
 535  norvel        x...x...x...x....x....x....x...x...x/2       |1234|1234|1234|1234|1234|1234|1234|…  1
 536  norvel        x...xx...x....x...x....x...x...x...x/3       |1234|1234|1234|1234|1234|1234|1234|…  1
 537  norvel        xx..xx..xx...xx..x..xx..x..x/4               |1234|1234|1234|1234|1234|1234|1234|…  0
 538  norvel        x...x....x...xx....x...x...x...x/3           |1234|1234|1234|1234|1234|1234|1234|…  1
 539  norvel        x...xx...x...x...x..x..xx..x...x..x..xx…     |1234|1234|1234|1234|1234|1234|1234|…  1
 540  norvel        x...x..x...x...x...xx..xx..x/5               |1234|1234|1234|1234|1234|1234|1234|…  1
 541  norvel        x..x...x...xx..x...x...x...x/4               |1234|1234|1234|1234|1234|1234|1234|…  0
 542  norvel        x....x.....xx.....x.....x....x....x....…     |1234|1234|1234|1234|1234|1234|1234|…  0
 543  norvel        x...xx..xxx...xxx..xx...x..xx..x/5           |1234|1234|1234|1234|1234|1234|1234|…  1
 544  norvel        x...xxx...x..x..xx..x..x...xx..x...x/6       |1234|1234|1234|1234|1234|1234|1234|…  1
 545  norvel        x..x..x..x...x..x..xxx..xx..x..x..xx/7       |1234|1234|1234|1234|1234|1234|1234|…  1
 546  norvel        xx..x...x..xx..xx..x...x...x..xxx..x...…     |1234|1234|1234|1234|1234|1234|1234|…  0
 547  norvel        x....x...x....x...x....x...xx...xx....x…     |1234|1234|1234|1234|1234|1234|1234|…  1
 548  norvel        x...x....x...xx...x...x...x...x....x...…     |1234|1234|1234|1234|1234|1234|1234|…  0
 549  norvel        x.....x....x.....x....x....x....x.....x…     |1234|1234|1234|1234|1234|1234|1234|…  1
 550  norvel        x..x...x..x...x..x...x..x...x..x/6           |1234|1234|1234|1234|1234|1234|1234|…  1
 551  norvel        x..x...xx..x..xx..x..xx..x...x..x..x/5       |1234|1234|1234|1234|1234|1234|1234|…  0
 552  norvel        x....x....x...x...x....xx...x...x...xxx…     |1234|1234|1234|1234|1234|1234|1234|…  0
 553  norvel        x....x...x....x....x...x...x...x...x/6       |1234|1234|1234|1234|1234|1234|1234|…  0
 554  norvel        x...x..x...x..x..x..x...x..x...x/6           |1234|1234|1234|1234|1234|1234|1234|…  0
 555  norvel        x...x...x..x..x..x..x..x...x/2               |1234|1234|1234|1234|1234|1234|1234|…  0
 556  norvel        x..x..x..x..xx...x..x..x..xx...x...x/4       |1234|1234|1234|1234|1234|1234|1234|…  0
 557  norvel        x...x..x..x..x...x..x...x..x/6               |1234|1234|1234|1234|1234|1234|1234|…  0
 558  norvel        x....x....x...x...x....x...x...x/2           |1234|1234|1234|1234|1234|1234|1234|…  1
 559  norvel        xxx...x....x...x...xx...x...xx...x....x…     |1234|1234|1234|1234|1234|1234|1234|…  1
 560  norvel        xx...xxx...xx...x...x...xx....xx...x...…     |1234|1234|1234|1234|1234|1234|1234|…  0
 561  norvel        x...x..xx...x..xx..x..x..xxx..xx/4           |1234|1234|1234|1234|1234|1234|1234|…  1
 562  norvel        x...x...x....x....x...x...x...x...x...x…     |1234|1234|1234|1234|1234|1234|1234|…  0
 563  norvel        x...xx....x....xxx...x....x....x...x/5       |1234|1234|1234|1234|1234|1234|1234|…  0
 564  norvel        x...x..x...x..x..x...x..x...x..x/6           |1234|1234|1234|1234|1234|1234|1234|…  0
 565  norvel        x...x....xxx...x...x....x....x...x...xx…     |1234|1234|1234|1234|1234|1234|1234|…  0
 566  norvel        x...x...xx...x....xx...x...x...x...x/5       |1234|1234|1234|1234|1234|1234|1234|…  0
 567  norvel        x..x..x..x..x..x..xxx..xx...x..x/4           |1234|1234|1234|1234|1234|1234|1234|…  0
 568  norvel        x...x..x..x..x..x...x..x...x/2               |1234|1234|1234|1234|1234|1234|1234|…  1
 569  norvel        x...x...x...x....x...x....x...x....x/6       |1234|1234|1234|1234|1234|1234|1234|…  0
 570  norvel        x..x..xx...x..x..x..x...x..xx..x...x/4       |1234|1234|1234|1234|1234|1234|1234|…  0
 571  norvel        x..x..xx..x..x...x..x..xx...x...x..x/8       |1234|1234|1234|1234|1234|1234|1234|…  1
 572  norvel        xx....x....x....xxx...xx...xxx...x....x…     |1234|1234|1234|1234|1234|1234|1234|…  0
 573  norvel        x...x....xx...x...x...x....x...x...x...…     |1234|1234|1234|1234|1234|1234|1234|…  0
 574  norvel        x...x..xx..x..x..x..x..x..xx...x..xx/4       |1234|1234|1234|1234|1234|1234|1234|…  0
 575  norvel        x....xx...xx....xx...xxx....x....x...x.…     |1234|1234|1234|1234|1234|1234|1234|…  0
 576  norvel        x...x...x..x..x..x...x..xx..x..x/4           |1234|1234|1234|1234|1234|1234|1234|…  0
 577  norvel        x..x..x..x..x..x...x..x..x..x..x/7           |1234|1234|1234|1234|1234|1234|1234|…  0
 578  norvel        x.....x....x.....x....x....xx....x....x…     |1234|1234|1234|1234|1234|1234|1234|…  1
 579  norvel        x...x....x...x...xx...xx...x...x...x/5       |1234|1234|1234|1234|1234|1234|1234|…  0
 580  norvel        x...x...x...xx...x...x....x...xx...x/2       |1234|1234|1234|1234|1234|1234|1234|…  1
 581  norvel        x..x..x...x..x..x..xx..x...x/4               |1234|1234|1234|1234|1234|1234|1234|…  0
 582  norvel        x...x...xx...x...x...x...x....xx...x...…     |1234|1234|1234|1234|1234|1234|1234|…  0
 583  norvel        x....x....xx.....x....x....x....x....x.…     |1234|1234|1234|1234|1234|1234|1234|…  0
 584  norvel        x...x...xx...x...x....x...x...x...x....…     |1234|1234|1234|1234|1234|1234|1234|…  1
 585  norvel        x....x.....x....x....xx....xx.....x....…     |1234|1234|1234|1234|1234|1234|1234|…  0
 586  norvel        xx...x...x...x....x...xx....x...x...x..…     |1234|1234|1234|1234|1234|1234|1234|…  0
 587  norvel        x..x..x..x...x..x..x..x..x..x..x/4           |1234|1234|1234|1234|1234|1234|1234|…  1
 588  norvel        xx...xx...x....x....xx...x...x....xx/5       |1234|1234|1234|1234|1234|1234|1234|…  1
 589  norvel        x...xx..x...x...x..x..xx..xx...x/2           |1234|1234|1234|1234|1234|1234|1234|…  1
 590  norvel        x....x...x....xx...xx...xx....x...x....…     |1234|1234|1234|1234|1234|1234|1234|…  0
 591  norvel        x...xx...xx....x....x...x....x....x...x…     |1234|1234|1234|1234|1234|1234|1234|…  0
 592  norvel        xx...x..xx...x..x..x...x...x/5               |1234|1234|1234|1234|1234|1234|1234|…  0
 593  norvel        x...x..x..x...x..x..x..x...x/6               |1234|1234|1234|1234|1234|1234|1234|…  0
 594  norvel        x....x....x....x....x.....x.....x....x.…     |1234|1234|1234|1234|1234|1234|1234|…  0
 595  norvel        xx....x...x...x....x....x...xx....x....…     |1234|1234|1234|1234|1234|1234|1234|…  0
 596  norvel        x....x...x...x...x....x...x...xx....xx.…     |1234|1234|1234|1234|1234|1234|1234|…  0
 597  norvel        x....x...x...x....x...x...x....x/5           |1234|1234|1234|1234|1234|1234|1234|…  1
 598  norvel        xx...x....x...x...xxx...x...x....xx....…     |1234|1234|1234|1234|1234|1234|1234|…  0
 599  norvel        x....x...x...x...x....x....x...x...x/2       |1234|1234|1234|1234|1234|1234|1234|…  0
 600  norvel        x...xx...x...x....xx...x...x...x...x/5       |1234|1234|1234|1234|1234|1234|1234|…  0
 601  norvel        x..x..xx..x..xx...xxx...xx..x..x..xx...…     |1234|1234|1234|1234|1234|1234|1234|…  0
 602  norvel        x....x....x....x.....x....x....x....x..…     |1234|1234|1234|1234|1234|1234|1234|…  0
 603  norvel        x....xx....x.....x.....xx....xx....x...…     |1234|1234|1234|1234|1234|1234|1234|…  0
 604  norvel        xx..x..x..x...xx..x..x..x..x...xx..x/4       |1234|1234|1234|1234|1234|1234|1234|…  0
 605  norvel        x...x....x...x....x...xx....x...xx...x.…     |1234|1234|1234|1234|1234|1234|1234|…  0
 606  norvel        x...x...x....x....x....x...x...x...x...…     |1234|1234|1234|1234|1234|1234|1234|…  0
 607  norvel        x..xxx..xx..x..x...x...x..x..xx..xxx...…     |1234|1234|1234|1234|1234|1234|1234|…  0
 608  norvel        x....x....x...xx....x...x....x...xx....…     |1234|1234|1234|1234|1234|1234|1234|…  0
 609  norvel        x...x...x...x....x....x...x....x...x...…     |1234|1234|1234|1234|1234|1234|1234|…  0
 610  norvel        x...xx...x...xx..xx..x..x..x...x/5           |1234|1234|1234|1234|1234|1234|1234|…  1
 611  norvel        x...xx..x..x...xx..x..x...xx...x..xx...…     |1234|1234|1234|1234|1234|1234|1234|…  1
 612  norvel        xxx....x...x...x...x...x...x...x...x...…     |1234|1234|1234|1234|1234|1234|1234|…  0
 613  norvel        x....x...x...x....x...x...x....x/2           |1234|1234|1234|1234|1234|1234|1234|…  0
 614  norvel        x..xx...xxx..x...xx..xxx...x...x/5           |1234|1234|1234|1234|1234|1234|1234|…  0
 615  norvel        x..xx...x...x...x..x..x..xx..x..x..x/8       |1234|1234|1234|1234|1234|1234|1234|…  0
 616  norvel        x...x...x....x....x...x....x...x...x/2       |1234|1234|1234|1234|1234|1234|1234|…  1
 617  norvel        xx..xx...x..x...x...x..x...x...x/4           |1234|1234|1234|1234|1234|1234|1234|…  0
 618  norvel        x...x...x...xxx....x....x....x....x...x…     |1234|1234|1234|1234|1234|1234|1234|…  0
 619  norvel        x...x..xx..x..xx..x..x..xx..x..x/4           |1234|1234|1234|1234|1234|1234|1234|…  1
 620  norvel        x....x...xx...x...xxx...xxx...x...xx/3       |1234|1234|1234|1234|1234|1234|1234|…  0
 621  norvel        x....x....x....x....x....x....x....x...…     |1234|1234|1234|1234|1234|1234|1234|…  0
 622  norvel        x....x...x...x...x....x...x....x...x/6       |1234|1234|1234|1234|1234|1234|1234|…  0
 623  norvel        x...x..x...x..xx...x...x...x..xx/2           |1234|1234|1234|1234|1234|1234|1234|…  0
 624  norvel        x...x...x..x..x..x...x..xx..x..x..xx/6       |1234|1234|1234|1234|1234|1234|1234|…  0
 625  norvel        x..x..x..x...x..xx...x..x..xx..xx..x/5       |1234|1234|1234|1234|1234|1234|1234|…  0
 626  norvel        x....x....x....x....x....x....x.....xx.…     |1234|1234|1234|1234|1234|1234|1234|…  0
 627  norvel        x...x...x...x..x..xx..x...xx/2               |1234|1234|1234|1234|1234|1234|1234|…  1
 628  norvel        xx...x...x....xx....xx....x....x...x...…     |1234|1234|1234|1234|1234|1234|1234|…  0
 629  norvel        x..x...x...x...x..x...x...x..x..x..x/4       |1234|1234|1234|1234|1234|1234|1234|…  1
 630  norvel        x..x...xx..x..x..x..x...x..x/4               |1234|1234|1234|1234|1234|1234|1234|…  1
 631  norvel        x.....x.....x....x.....x....x....x....x…     |1234|1234|1234|1234|1234|1234|1234|…  0
 632  norvel        xxx...x...x...x...xx...xx...x....x...x.…     |1234|1234|1234|1234|1234|1234|1234|…  0
 633  norvel        x..x...x...x..x..x...x..x..x/6               |1234|1234|1234|1234|1234|1234|1234|…  1
 634  norvel        x...x..x..x..xx...x..x..x...x..xx..x/4       |1234|1234|1234|1234|1234|1234|1234|…  0
 635  norvel        x.....x....x....x....x....x.....x....x.…     |1234|1234|1234|1234|1234|1234|1234|…  0
 636  norvel        x....xx...x....xx...x...x....xx....x...…     |1234|1234|1234|1234|1234|1234|1234|…  0
 637  norvel        x....x...x....x...x....x...x...x/2           |1234|1234|1234|1234|1234|1234|1234|…  0
 638  norvel        x...xxx...x....xx....x....xxx...x...xx.…     |1234|1234|1234|1234|1234|1234|1234|…  0
 639  norvel        x...xx...x..x...x..xx..x..x...xx/6           |1234|1234|1234|1234|1234|1234|1234|…  1
 640  norvel        x..x..x..x..xx...xxx...xxx..x...x...x..…     |1234|1234|1234|1234|1234|1234|1234|…  0
 641  norvel        xxx...x...x...xx...x...x....x....x...x.…     |1234|1234|1234|1234|1234|1234|1234|…  1
 642  norvel        x....xxx...x....xx...x....x...x...xx/2       |1234|1234|1234|1234|1234|1234|1234|…  1
 643  norvel        x....xx....x....x...x...x....xx....x...…     |1234|1234|1234|1234|1234|1234|1234|…  1
 644  norvel        x...x..x..x..xx..xxx...xx..x..xx/4           |1234|1234|1234|1234|1234|1234|1234|…  0
 645  norvel        x..x...x..x..x..x..x...x...x/6               |1234|1234|1234|1234|1234|1234|1234|…  1
 646  norvel        x..x..x..x...xxx...x..x..xx...xx..x..xx…     |1234|1234|1234|1234|1234|1234|1234|…  0
 647  norvel        x...x...x...x....x...x...x...x....x...x…     |1234|1234|1234|1234|1234|1234|1234|…  0
 648  norvel        xx.....x....x....xx.....x....x.....x...…     |1234|1234|1234|1234|1234|1234|1234|…  0

per-name tally this round
name             presented correct  hit-rate
norvel                 649     208     32.0%
