Centaur Zendo round 1 (training)
round_id : ffd6dd47b66e45958d1d406e848e2478
written  : 2026-09-04 22:04:43Z
presented=500  answered=500  correct=9  skipped=0
client answer latency: mean 0.117 ms  median 0.111 ms  max 1.105 ms  (n=500)

 idx  name          clue                                      answer                                    score
------------------------------------------------------------------------------------------------------------
   0  norvel        x..x..x...xx...x..xx..x..x...x..x..x/4       |1234|1234|1234|1234|1234|1234|1234|…  0
   1  norvel        xx....x....xx....x...x...xx....x...x...…     |1234|1234|1234|1234|1234|1234|1234|…  0
   2  norvel        x...x...x....xx...x...xx...x...x/2           |1234|1234|1234|1234|1234|1234|1234|…  0
   3  norvel        x..xx..x...x..x...x...x..x..x..x/5           |1234|1234|1234|1234|1234|1234|1234|…  0
   4  norvel        x..x...x...x...x..x..x...x..x...x..x/4       |1234|1234|1234|1234|1234|1234|1234|…  0
   5  norvel        xx...x..xx...xx...x..x...x..x..x/2           |1234|1234|1234|1234|1234|1234|1234|…  0
   6  norvel        x..x..xx..x..xx..xx..x..xxx..xx...xx/4       |1234|1234|1234|1234|1234|1234|1234|…  0
   7  norvel        x..x..xx...x..xx..x..xx..x..x...x..x/7       |1234|1234|1234|1234|1234|1234|1234|…  0
   8  norvel        x....x....x....x...x...x...x....xx...x.…     |1234|1234|1234|1234|1234|1234|1234|…  0
   9  norvel        x..x..x..x..x..x..x..x...x..x..x/4           |1234|1234|1234|1234|1234|1234|1234|…  1
  10  norvel        x...x...xx...x...x....x...x....x...x...…     |1234|1234|1234|1234|1234|1234|1234|…  0
  11  norvel        x...x..x...x..x..x..x..x..x...xxx..x/4       |1234|1234|1234|1234|1234|1234|1234|…  0
  12  norvel        x..x...xx..x..x..x..x..x...x/5               |1234|1234|1234|1234|1234|1234|1234|…  0
  13  norvel        x..x...x..xx..x..xx..x..x..x/6               |1234|1234|1234|1234|1234|1234|1234|…  0
  14  norvel        x...x...x....x....x....x...x...x/5           |1234|1234|1234|1234|1234|1234|1234|…  0
  15  norvel        x..x..x...x...x..x..x...x..x/4               |1234|1234|1234|1234|1234|1234|1234|…  0
  16  norvel        x..x..x...x...x...x..x..x..x/6               |1234|1234|1234|1234|1234|1234|1234|…  0
  17  norvel        x...xxx...x...xx...xx....x...x...xx....…     |1234|1234|1234|1234|1234|1234|1234|…  0
  18  norvel        x.....x.....x....x....x....x....x....x.…     |1234|1234|1234|1234|1234|1234|1234|…  0
  19  norvel        x...xx...xx....xx...x...xx...x...xxx...…     |1234|1234|1234|1234|1234|1234|1234|…  0
  20  norvel        x...x...x...x....x...x....x...x...x...x…     |1234|1234|1234|1234|1234|1234|1234|…  0
  21  norvel        x..x..x..xx..x...xxx..x..xx..xxx..xx/5       |1234|1234|1234|1234|1234|1234|1234|…  0
  22  norvel        x...x...x....x...x....x...x....x/2           |1234|1234|1234|1234|1234|1234|1234|…  0
  23  norvel        xx...x...x....x....xx....x...xx...xx/2       |1234|1234|1234|1234|1234|1234|1234|…  0
  24  norvel        x....x....x.....x....x....x.....x.....x…     |1234|1234|1234|1234|1234|1234|1234|…  0
  25  norvel        xxx...x...x..x...x..x..x...xx..x...x/6       |1234|1234|1234|1234|1234|1234|1234|…  0
  26  norvel        x..x..x..x...x..x..x...x...x/4               |1234|1234|1234|1234|1234|1234|1234|…  0
  27  norvel        x...xx...xxx...xx....x....x...x...x....…     |1234|1234|1234|1234|1234|1234|1234|…  0
  28  norvel        xx...x..x..xxx..xx...x...x..x..x/4           |1234|1234|1234|1234|1234|1234|1234|…  0
  29  norvel        x....xxx....x....x....x....x.....xx....…     |1234|1234|1234|1234|1234|1234|1234|…  0
  30  norvel        x..x..x..x...x...x..x...x..x...x...x/4       |1234|1234|1234|1234|1234|1234|1234|…  0
  31  norvel        x....x...xx....x....x....x...xx....x...…     |1234|1234|1234|1234|1234|1234|1234|…  0
  32  norvel        x....x.....x....x....x....x....x.....x.…     |1234|1234|1234|1234|1234|1234|1234|…  0
  33  norvel        x...x...x...x....x...x...x....x....x...…     |1234|1234|1234|1234|1234|1234|1234|…  0
  34  norvel        x...xx...x...x...x...x...x...xx...x...x…     |1234|1234|1234|1234|1234|1234|1234|…  0
  35  norvel        xx.....xx....x....x....xx....xx....x...…     |1234|1234|1234|1234|1234|1234|1234|…  0
  36  norvel        x..x..xx..xxx...x..x..x..x..x..x/6           |1234|1234|1234|1234|1234|1234|1234|…  0
  37  norvel        xx....x....x.....x....x....x....x....x.…     |1234|1234|1234|1234|1234|1234|1234|…  0
  38  norvel        x..xx..x...x..x..xxx..xx..xx...x..xx/5       |1234|1234|1234|1234|1234|1234|1234|…  0
  39  norvel        x....x....x....x....x.....x....x....x..…     |1234|1234|1234|1234|1234|1234|1234|…  0
  40  norvel        x....x....xx....x.....x....x....x....xx…     |1234|1234|1234|1234|1234|1234|1234|…  0
  41  norvel        x...x...x....x...xx....x...x...x...x...…     |1234|1234|1234|1234|1234|1234|1234|…  0
  42  norvel        xx..x..x..x...xxx...xxx...x..xxx...x/2       |1234|1234|1234|1234|1234|1234|1234|…  0
  43  norvel        xx..x..x..x...xx..x..x..x..x..x...xx/4       |1234|1234|1234|1234|1234|1234|1234|…  0
  44  norvel        x..x..x..xxx..x...x..xx..xx...xxx..x/5       |1234|1234|1234|1234|1234|1234|1234|…  0
  45  norvel        x...x...x...x...x...xx...x...x....x....…     |1234|1234|1234|1234|1234|1234|1234|…  0
  46  norvel        xx..x..xxx...x..xx..x..x...xx..x/4           |1234|1234|1234|1234|1234|1234|1234|…  0
  47  norvel        xx..xx..x..x...x..x...x..xx..x..x..x/4       |1234|1234|1234|1234|1234|1234|1234|…  0
  48  norvel        x...x...x....x...x....x...x...x...x...x…     |1234|1234|1234|1234|1234|1234|1234|…  0
  49  norvel        xx...x..xx..xx..xx..xx..xx..x..xx..x/4       |1234|1234|1234|1234|1234|1234|1234|…  0
  50  norvel        x..x...x..x..x..x...x..xx...x..x/5           |1234|1234|1234|1234|1234|1234|1234|…  0
  51  norvel        x..x..x...xx..x..x..x..x...x...x/4           |1234|1234|1234|1234|1234|1234|1234|…  0
  52  norvel        x..x..xx..x..x...x..x...xx..x..xx..x/7       |1234|1234|1234|1234|1234|1234|1234|…  0
  53  norvel        xx..xx..x..x...x..x..xx..x..x..x/5           |1234|1234|1234|1234|1234|1234|1234|…  0
  54  norvel        x....x...xx....x....x...x...xx....x....…     |1234|1234|1234|1234|1234|1234|1234|…  0
  55  norvel        x..x...xx..x..x..x...x...xx...xx/5           |1234|1234|1234|1234|1234|1234|1234|…  0
  56  norvel        x..x..x..x..xx..x..xx..xx...x..x...x/5       |1234|1234|1234|1234|1234|1234|1234|…  0
  57  norvel        x...x..x..xx..x..xxx...xxx..x..xx..x/6       |1234|1234|1234|1234|1234|1234|1234|…  0
  58  norvel        x..x..x..x...x..x..xx..xx..xx..x...x/5       |1234|1234|1234|1234|1234|1234|1234|…  0
  59  norvel        xx...x..x..x..x...xxx..xx..xx...x...x..…     |1234|1234|1234|1234|1234|1234|1234|…  0
  60  norvel        xx....x...x...x...xx...x...x....xxx...x…     |1234|1234|1234|1234|1234|1234|1234|…  0
  61  norvel        x..xx...xx...x..x..x...xx..x..xx..xx...…     |1234|1234|1234|1234|1234|1234|1234|…  0
  62  norvel        xx...xx....x...xx...xx...x...x...xxx...…     |1234|1234|1234|1234|1234|1234|1234|…  0
  63  norvel        x....x....x...x...x....x...x...x...x/6       |1234|1234|1234|1234|1234|1234|1234|…  0
  64  norvel        x..x..x..x..xxx...x..x..x...x..x/4           |1234|1234|1234|1234|1234|1234|1234|…  0
  65  norvel        x...x....x...x...xx...xx...xx....x...x.…     |1234|1234|1234|1234|1234|1234|1234|…  0
  66  norvel        xx..x...x..x..x...xx...x..x..x..x..x/6       |1234|1234|1234|1234|1234|1234|1234|…  0
  67  norvel        x...x...x....x...x....x....x...x/2           |1234|1234|1234|1234|1234|1234|1234|…  0
  68  norvel        x..x..x..x..x..x..x..x...x..x..x/4           |1234|1234|1234|1234|1234|1234|1234|…  0
  69  norvel        xx....xx....x....x....xx....x.....x....…     |1234|1234|1234|1234|1234|1234|1234|…  0
  70  norvel        xx...xx....x...x...x....x....xx....x/2       |1234|1234|1234|1234|1234|1234|1234|…  0
  71  norvel        x..x..x...xx...x..x..x..x..x...x/5           |1234|1234|1234|1234|1234|1234|1234|…  0
  72  norvel        x....x...x...x...x....x...x...x....x...…     |1234|1234|1234|1234|1234|1234|1234|…  0
  73  norvel        x..xx...x..x...x..x...xx...x...x/4           |1234|1234|1234|1234|1234|1234|1234|…  0
  74  norvel        xx...x...x...x...xx....x...x...x...x...…     |1234|1234|1234|1234|1234|1234|1234|…  0
  75  norvel        x...x..x...xx...x...xx..x..x...x/2           |1234|1234|1234|1234|1234|1234|1234|…  0
  76  norvel        x...x..x..x...x..x...x..x...x...x..x/8       |1234|1234|1234|1234|1234|1234|1234|…  0
  77  norvel        x..x...x..x..xx...x...xx..x...xx/5           |1234|1234|1234|1234|1234|1234|1234|…  0
  78  norvel        xx...x....xx...x...x...xx....x....x...x…     |1234|1234|1234|1234|1234|1234|1234|…  0
  79  norvel        x..x..x..x...x..x...x..x...x/2               |1234|1234|1234|1234|1234|1234|1234|…  0
  80  norvel        xx...xxx....xx...xx....xx...x...xx....x…     |1234|1234|1234|1234|1234|1234|1234|…  0
  81  norvel        xxx..xx...x..x...xx..x..x..xx..x..xx/4       |1234|1234|1234|1234|1234|1234|1234|…  0
  82  norvel        xx..x...x..x..x..x..x...x..x/4               |1234|1234|1234|1234|1234|1234|1234|…  0
  83  norvel        x....xx....xx...x....x...x...x....x...x…     |1234|1234|1234|1234|1234|1234|1234|…  0
  84  norvel        xx....xxx....x...x...x...x....xxx....xx…     |1234|1234|1234|1234|1234|1234|1234|…  0
  85  norvel        x....x....xx...x...xx...x....x...x...x.…     |1234|1234|1234|1234|1234|1234|1234|…  0
  86  norvel        x..x..x..x...x...xx..x..x..x/5               |1234|1234|1234|1234|1234|1234|1234|…  0
  87  norvel        x.....x....xx....x....x....xx....x....x…     |1234|1234|1234|1234|1234|1234|1234|…  0
  88  norvel        x..x..xx..x...x..x...xx..x..x..x/4           |1234|1234|1234|1234|1234|1234|1234|…  0
  89  norvel        xx...x...x....xx...x...x...x...x/3           |1234|1234|1234|1234|1234|1234|1234|…  0
  90  norvel        x...xx...xxx..xx...xx..x...x...xx..x/4       |1234|1234|1234|1234|1234|1234|1234|…  0
  91  norvel        x...xx...x....x...x...x....x...x/3           |1234|1234|1234|1234|1234|1234|1234|…  0
  92  norvel        x....x...x....xx...xx...x...x....xx....…     |1234|1234|1234|1234|1234|1234|1234|…  0
  93  norvel        x....xxx...x...x....x....x...x...xx...x…     |1234|1234|1234|1234|1234|1234|1234|…  0
  94  norvel        x....x....xx....x...x....x...xxx...x...…     |1234|1234|1234|1234|1234|1234|1234|…  0
  95  norvel        x..x..x..xx...x..x..x...x..x...x/7           |1234|1234|1234|1234|1234|1234|1234|…  0
  96  norvel        xx...x....x...xx....x....xx....x...x...…     |1234|1234|1234|1234|1234|1234|1234|…  0
  97  norvel        x...x...x...x...x....x...x....x....x...…     |1234|1234|1234|1234|1234|1234|1234|…  0
  98  norvel        x...x...x...x....xx...xx...x...x...x...…     |1234|1234|1234|1234|1234|1234|1234|…  0
  99  norvel        x...x...x...x....xx...x...x....x...x...…     |1234|1234|1234|1234|1234|1234|1234|…  0
 100  norvel        x...x....x...x....x...x...x....x...x/2       |1234|1234|1234|1234|1234|1234|1234|…  0
 101  norvel        x..x..x..x...x...x...x..x..x...x...x/6       |1234|1234|1234|1234|1234|1234|1234|…  0
 102  norvel        x....x...x....x...xx....xx....x....x...…     |1234|1234|1234|1234|1234|1234|1234|…  0
 103  norvel        x..x..x..x...x...x...xx..x..x..x...x/7       |1234|1234|1234|1234|1234|1234|1234|…  0
 104  norvel        x...x...x....x....x....x...x...x...x/6       |1234|1234|1234|1234|1234|1234|1234|…  0
 105  norvel        x..x...xx..xx...xx..xx..x...x..x/6           |1234|1234|1234|1234|1234|1234|1234|…  0
 106  norvel        xx..x...x...x...xx...x..xx...x..x..x/7       |1234|1234|1234|1234|1234|1234|1234|…  0
 107  norvel        x...x....x...x...x...xx...xx...x/2           |1234|1234|1234|1234|1234|1234|1234|…  0
 108  norvel        xx..x..x..x...xx..x..x..x..x..xx/6           |1234|1234|1234|1234|1234|1234|1234|…  0
 109  norvel        x...x...xx...xx...x...xxx...x....x...xx…     |1234|1234|1234|1234|1234|1234|1234|…  0
 110  norvel        x...x....x...x....x...x...x....x...x/6       |1234|1234|1234|1234|1234|1234|1234|…  0
 111  norvel        x..xx..xx...x..x...xx...x..x/5               |1234|1234|1234|1234|1234|1234|1234|…  0
 112  norvel        x...x...xx....xx....xxx...x...xxx....x.…     |1234|1234|1234|1234|1234|1234|1234|…  0
 113  norvel        x..x..x..x..x..x..x..x...x..x..x/4           |1234|1234|1234|1234|1234|1234|1234|…  1
 114  norvel        x..x..x...x...xx..x..xx...x...x...xx/6       |1234|1234|1234|1234|1234|1234|1234|…  0
 115  norvel        xx....x...xx...x....xx....x....x...x/2       |1234|1234|1234|1234|1234|1234|1234|…  0
 116  norvel        x...x...x...x...xx..x..xx..x...x/6           |1234|1234|1234|1234|1234|1234|1234|…  0
 117  norvel        x....x...xx...xx...xx...x...x....xx...x…     |1234|1234|1234|1234|1234|1234|1234|…  0
 118  norvel        x...x...x...x....x....x....xx...x....xx…     |1234|1234|1234|1234|1234|1234|1234|…  0
 119  norvel        x...x...x...x....x....x...x...x...x....…     |1234|1234|1234|1234|1234|1234|1234|…  0
 120  norvel        xx....x....x....x...x...xx...x...x...x.…     |1234|1234|1234|1234|1234|1234|1234|…  0
 121  norvel        x...x...x..x...x...xx...xx...x...x..x..…     |1234|1234|1234|1234|1234|1234|1234|…  0
 122  norvel        x...x....x....x....xx...x....x...x....x…     |1234|1234|1234|1234|1234|1234|1234|…  0
 123  norvel        x..x...x...x..x..x...x..x..x..xx/5           |1234|1234|1234|1234|1234|1234|1234|…  0
 124  norvel        xx...x....x....x...xx...xx...x...x...xx…     |1234|1234|1234|1234|1234|1234|1234|…  0
 125  norvel        xxx...x...x...x...xx....x...xx...xxx...…     |1234|1234|1234|1234|1234|1234|1234|…  0
 126  norvel        xx..x..xx..xx...x..x..xx..xx/4               |1234|1234|1234|1234|1234|1234|1234|…  0
 127  norvel        x....x...x...x....x....x...xxx....x...x…     |1234|1234|1234|1234|1234|1234|1234|…  0
 128  norvel        x...x...x....xx...x...x...x...x...x....…     |1234|1234|1234|1234|1234|1234|1234|…  0
 129  norvel        x...x..x..x...x...x..x...x...x..x..x/4       |1234|1234|1234|1234|1234|1234|1234|…  0
 130  norvel        x...x...x...x....x...x...xxx...x...x/2       |1234|1234|1234|1234|1234|1234|1234|…  0
 131  norvel        x..x...x...x...x..x..x..x...x...x..x/7       |1234|1234|1234|1234|1234|1234|1234|…  0
 132  norvel        xx..x..x..xx...xx..x..xx..x..xxx...x..x…     |1234|1234|1234|1234|1234|1234|1234|…  0
 133  norvel        x...xx...x...x...x....x....x...xx....x.…     |1234|1234|1234|1234|1234|1234|1234|…  0
 134  norvel        x....x...x...xx...x...x....x...x...x/5       |1234|1234|1234|1234|1234|1234|1234|…  0
 135  norvel        x...x..x...x..xx...x...x...x..xx/4           |1234|1234|1234|1234|1234|1234|1234|…  0
 136  norvel        x.....x....xx....x....x....x....x....x.…     |1234|1234|1234|1234|1234|1234|1234|…  0
 137  norvel        x...x..x..x..x...x..x..x...x/4               |1234|1234|1234|1234|1234|1234|1234|…  0
 138  norvel        xx..x..xx..xx..xx..x...x..xxx..x..xx...…     |1234|1234|1234|1234|1234|1234|1234|…  0
 139  norvel        x..xx..x..x...x..xx..xx..x..x...x..x/6       |1234|1234|1234|1234|1234|1234|1234|…  1
 140  norvel        x...x..x..x..x...x..x..xx...x..x/5           |1234|1234|1234|1234|1234|1234|1234|…  0
 141  norvel        x....x....x....x....xxx....xx....x.....…     |1234|1234|1234|1234|1234|1234|1234|…  0
 142  norvel        xx...x...x...x...x...x...xx....x/2           |1234|1234|1234|1234|1234|1234|1234|…  0
 143  norvel        x...x...x...x...xx....x...x...x...xx/6       |1234|1234|1234|1234|1234|1234|1234|…  0
 144  norvel        x..x..x...xx...xx..x..x..x..x...x..x/8       |1234|1234|1234|1234|1234|1234|1234|…  0
 145  norvel        x...x...x...xx...x...xx...x....x...x/2       |1234|1234|1234|1234|1234|1234|1234|…  0
 146  norvel        x....x...x...x...x....x...x...xx...x...…     |1234|1234|1234|1234|1234|1234|1234|…  0
 147  norvel        xx..x...x..xxx..x..x..xx..x..x..x..x/8       |1234|1234|1234|1234|1234|1234|1234|…  0
 148  norvel        x....x...x...x....x...x...x...x....x...…     |1234|1234|1234|1234|1234|1234|1234|…  0
 149  norvel        x...x....xx....x....xx...x...x...xx...x…     |1234|1234|1234|1234|1234|1234|1234|…  0
 150  norvel        x..x...x..x..x...x...x...x...x..x..x/6       |1234|1234|1234|1234|1234|1234|1234|…  0
 151  norvel        xx..xx..x...xx..xx..x..x..xx...x/5           |1234|1234|1234|1234|1234|1234|1234|…  0
 152  norvel        x..x..x...x..x..x..x...xx..x..xx...x/5       |1234|1234|1234|1234|1234|1234|1234|…  0
 153  norvel        x...x....x....xx...x....x...x...x....x.…     |1234|1234|1234|1234|1234|1234|1234|…  0
 154  norvel        x....xx....x...x...x....x...xx....x....…     |1234|1234|1234|1234|1234|1234|1234|…  0
 155  norvel        x...x...x....x....x...x...x...x...x....…     |1234|1234|1234|1234|1234|1234|1234|…  0
 156  norvel        x....x....x....x....x.....x....x.....x.…     |1234|1234|1234|1234|1234|1234|1234|…  0
 157  norvel        x...x...xx...xx...x...xx...xx....x....x…     |1234|1234|1234|1234|1234|1234|1234|…  0
 158  norvel        x...x...xxx...x...x....x...x...x...x/6       |1234|1234|1234|1234|1234|1234|1234|…  0
 159  norvel        xx..x..x..xx..xx..xx...x..xx/4               |1234|1234|1234|1234|1234|1234|1234|…  0
 160  norvel        x....x....x....x...x...x...x...x...x...…     |1234|1234|1234|1234|1234|1234|1234|…  0
 161  norvel        x...x...x....x...xx...x...x...xx...x...…     |1234|1234|1234|1234|1234|1234|1234|…  0
 162  norvel        x...x...x...x....x....x...x....x...x...…     |1234|1234|1234|1234|1234|1234|1234|…  0
 163  norvel        xx..x...x..x..x..x...x..x...x...x..x/7       |1234|1234|1234|1234|1234|1234|1234|…  0
 164  norvel        xx...x...xxx...x...x...xx..xx..x...xxx.…     |1234|1234|1234|1234|1234|1234|1234|…  0
 165  norvel        x....x.....x....x....x.....x.....x....x…     |1234|1234|1234|1234|1234|1234|1234|…  1
 166  norvel        xx..x..x...x...x..x..x..x...x..x/7           |1234|1234|1234|1234|1234|1234|1234|…  0
 167  norvel        x...x...x....x...x....x....x....x....x.…     |1234|1234|1234|1234|1234|1234|1234|…  0
 168  norvel        xx....xxx...x...xxx....x....xx....x...x…     |1234|1234|1234|1234|1234|1234|1234|…  0
 169  norvel        x....xxx...x....x...x...x....x...xx...x…     |1234|1234|1234|1234|1234|1234|1234|…  0
 170  norvel        x...x...xx...x....xx...x....x....x...x.…     |1234|1234|1234|1234|1234|1234|1234|…  0
 171  norvel        x....x...xx...x....x....x...x...x....x.…     |1234|1234|1234|1234|1234|1234|1234|…  0
 172  norvel        x....xx....x....x...xx....x...x....x/3       |1234|1234|1234|1234|1234|1234|1234|…  0
 173  norvel        x...xxx...xx...xx...x...x....x...x...x.…     |1234|1234|1234|1234|1234|1234|1234|…  0
 174  norvel        x...xx..x...x...x..xx...x..x...x/2           |1234|1234|1234|1234|1234|1234|1234|…  0
 175  norvel        x...x..x...x..x...x...x...x..x..x..x/6       |1234|1234|1234|1234|1234|1234|1234|…  0
 176  norvel        xx....x....xxx....x.....x....xx....xx..…     |1234|1234|1234|1234|1234|1234|1234|…  0
 177  norvel        x..x..x..x..x...x..x..x..x..x..x/4           |1234|1234|1234|1234|1234|1234|1234|…  0
 178  norvel        xx...xx....x....x...xx...x...x....x...x…     |1234|1234|1234|1234|1234|1234|1234|…  1
 179  norvel        xx...xx....xx....x...x...x...x....x....…     |1234|1234|1234|1234|1234|1234|1234|…  0
 180  norvel        x.....xxx.....xxx....xx.....xx....xx...…     |1234|1234|1234|1234|1234|1234|1234|…  0
 181  norvel        x...x....x...x....x....x....x...xx....x…     |1234|1234|1234|1234|1234|1234|1234|…  0
 182  norvel        x....x...x...x...x...x...x....x...x....…     |1234|1234|1234|1234|1234|1234|1234|…  0
 183  norvel        x....x.....x....x....x....x.....x....x.…     |1234|1234|1234|1234|1234|1234|1234|…  0
 184  norvel        x...xx..xx..xx..x..x...x...x...x/6           |1234|1234|1234|1234|1234|1234|1234|…  0
 185  norvel        x..x..xxx...x..xx...x...x..x/5               |1234|1234|1234|1234|1234|1234|1234|…  0
 186  norvel        x....x...x....x....x....x....xx...xx...…     |1234|1234|1234|1234|1234|1234|1234|…  0
 187  norvel        x...x..x..x..x..x..x...x..xxx...x..x/5       |1234|1234|1234|1234|1234|1234|1234|…  0
 188  norvel        x...xx....x...xx...x...x...x...x/2           |1234|1234|1234|1234|1234|1234|1234|…  0
 189  norvel        xx...x...xx....x...xx....x...x...x....x…     |1234|1234|1234|1234|1234|1234|1234|…  0
 190  norvel        x..x..x..x..xx..x..xx..x..x...xx..xx/6       |1234|1234|1234|1234|1234|1234|1234|…  0
 191  norvel        x...x...x...xx....x...x...x...x...x....…     |1234|1234|1234|1234|1234|1234|1234|…  0
 192  norvel        x...x....x....xx....xxx...xxx...x....xx…     |1234|1234|1234|1234|1234|1234|1234|…  0
 193  norvel        x...x....x...x...x...x...xx...x....x...…     |1234|1234|1234|1234|1234|1234|1234|…  0
 194  norvel        x...x..x..x..xx..xx..xx..x..x..x/5           |1234|1234|1234|1234|1234|1234|1234|…  0
 195  norvel        x...x...x...x...x....xx...xx...x/2           |1234|1234|1234|1234|1234|1234|1234|…  0
 196  norvel        xx...xx....x...x....x....x....x...x...x…     |1234|1234|1234|1234|1234|1234|1234|…  0
 197  norvel        x...x...x...x...xx....xx...x...x/2           |1234|1234|1234|1234|1234|1234|1234|…  0
 198  norvel        xx....x....xx....x....x.....xx....x....…     |1234|1234|1234|1234|1234|1234|1234|…  0
 199  norvel        x....xx....x....x.....x....x.....x....x…     |1234|1234|1234|1234|1234|1234|1234|…  0
 200  norvel        x..x..x...xx..xx..x..x..x..x/4               |1234|1234|1234|1234|1234|1234|1234|…  0
 201  norvel        xxx...xx....x....xx...x...x...xx...x/3       |1234|1234|1234|1234|1234|1234|1234|…  0
 202  norvel        x...x...x...x....x...x...x....x....x...…     |1234|1234|1234|1234|1234|1234|1234|…  0
 203  norvel        x..x..xx..x..x..x..x..xx...x/5               |1234|1234|1234|1234|1234|1234|1234|…  0
 204  norvel        xx..xx...x...x..x..x...x...xx..x/2           |1234|1234|1234|1234|1234|1234|1234|…  0
 205  norvel        x...x....x...x....x...x...x...x...x...x…     |1234|1234|1234|1234|1234|1234|1234|…  0
 206  norvel        x....xx....x.....xx....xx....x....x....…     |1234|1234|1234|1234|1234|1234|1234|…  0
 207  norvel        x..x..x...xx..x..x..x...x..x...x/7           |1234|1234|1234|1234|1234|1234|1234|…  0
 208  norvel        x...x....x...x....xx...x...x....x....xx…     |1234|1234|1234|1234|1234|1234|1234|…  0
 209  norvel        xx...x...xxx...x...x...x...xxx...xx....…     |1234|1234|1234|1234|1234|1234|1234|…  0
 210  norvel        x.....x....x.....x....x....x.....x....x…     |1234|1234|1234|1234|1234|1234|1234|…  0
 211  norvel        x....x....x....x.....x....x....x....x..…     |1234|1234|1234|1234|1234|1234|1234|…  0
 212  norvel        x..x...x..x..xx..xx..x...xx..x..x..x/4       |1234|1234|1234|1234|1234|1234|1234|…  0
 213  norvel        xxx....x...x...xx...x...x...x....xx....…     |1234|1234|1234|1234|1234|1234|1234|…  0
 214  norvel        xx...xxx...x....x...x...x...xx....x...x…     |1234|1234|1234|1234|1234|1234|1234|…  0
 215  norvel        x...x...x...xx....x...x...x...xx...x/6       |1234|1234|1234|1234|1234|1234|1234|…  0
 216  norvel        x...xx...x....x...x...x...x...x....x...…     |1234|1234|1234|1234|1234|1234|1234|…  0
 217  norvel        x..x..xx..xx..xx..xx...xxx..x..x/2           |1234|1234|1234|1234|1234|1234|1234|…  0
 218  norvel        x...x...x...x...x....x...x...x...x....x…     |1234|1234|1234|1234|1234|1234|1234|…  0
 219  norvel        x...xx...x...xx...x...x....x...x...x/3       |1234|1234|1234|1234|1234|1234|1234|…  0
 220  norvel        x....x....x...x...x...x...x...x...x....…     |1234|1234|1234|1234|1234|1234|1234|…  0
 221  norvel        x...x...x....x...x...x...x...x...xx....…     |1234|1234|1234|1234|1234|1234|1234|…  0
 222  norvel        xx..x..xx..xxx..xxx...xx...x...x...x/5       |1234|1234|1234|1234|1234|1234|1234|…  0
 223  norvel        x....xx....x....x....x.....x.....xx....…     |1234|1234|1234|1234|1234|1234|1234|…  0
 224  norvel        x...xx...x...x...x....x....x...xxx....x…     |1234|1234|1234|1234|1234|1234|1234|…  0
 225  norvel        x...xx...xx....xx...xx....xxx...xx....x…     |1234|1234|1234|1234|1234|1234|1234|…  0
 226  norvel        xx..x..x...x...x..x..x...xx...xx...x/6       |1234|1234|1234|1234|1234|1234|1234|…  0
 227  norvel        xx..x...xx..xx..xx..xx...xx...xx/5           |1234|1234|1234|1234|1234|1234|1234|…  0
 228  norvel        x....x....x....x....xx...x...x...xxx...…     |1234|1234|1234|1234|1234|1234|1234|…  0
 229  norvel        x...x...x...xx...x...xx....x...x...x...…     |1234|1234|1234|1234|1234|1234|1234|…  0
 230  norvel        xx...x...xx....xx...xx...xx....xx....x.…     |1234|1234|1234|1234|1234|1234|1234|…  1
 231  norvel        xx..xxx...x..x..x..x...x..x...xx..xx..x…     |1234|1234|1234|1234|1234|1234|1234|…  0
 232  norvel        x...x....xx...xx....xx...xx...x...x...x…     |1234|1234|1234|1234|1234|1234|1234|…  0
 233  norvel        xxx..x..xx..x..x..x..x..xx..x...x..x/4       |1234|1234|1234|1234|1234|1234|1234|…  0
 234  norvel        x..x...x..xx..x...xx..x...xx...x...xx..…     |1234|1234|1234|1234|1234|1234|1234|…  0
 235  norvel        x..x...x..x..x..x..x..x..x..x..x/6           |1234|1234|1234|1234|1234|1234|1234|…  0
 236  norvel        xx..x...xx...xx...x..x..x..x..xx/2           |1234|1234|1234|1234|1234|1234|1234|…  0
 237  norvel        x....x...x...xx....x...xx....x....x....…     |1234|1234|1234|1234|1234|1234|1234|…  0
 238  norvel        x..x...x...x..x...x..x...x..x..x/6           |1234|1234|1234|1234|1234|1234|1234|…  0
 239  norvel        x...x...x...x...x....x....x....x/5           |1234|1234|1234|1234|1234|1234|1234|…  0
 240  norvel        x...xx....x...xx...x...x...x...x/3           |1234|1234|1234|1234|1234|1234|1234|…  0
 241  norvel        x...x..x...x...xx..x..x..x..x..x/4           |1234|1234|1234|1234|1234|1234|1234|…  0
 242  norvel        x....xx....xx.....x....x....xx.....x...…     |1234|1234|1234|1234|1234|1234|1234|…  0
 243  norvel        x...x...xx...x...x....x...x...x...x....…     |1234|1234|1234|1234|1234|1234|1234|…  0
 244  norvel        x..x..x...xx...x..x...x..x..x..x/5           |1234|1234|1234|1234|1234|1234|1234|…  0
 245  norvel        x...x..x..x..xxx..x..x..x..xx..x..xx/5       |1234|1234|1234|1234|1234|1234|1234|…  0
 246  norvel        xx..xx...xx..x..x..x...xx..xx..x/4           |1234|1234|1234|1234|1234|1234|1234|…  0
 247  norvel        x....x....x...x...x...x....x...x...x/2       |1234|1234|1234|1234|1234|1234|1234|…  0
 248  norvel        x...x....xxx...x....xx....x....x...x/5       |1234|1234|1234|1234|1234|1234|1234|…  0
 249  norvel        x....x....xxx...xxx....x...xxx...x....x…     |1234|1234|1234|1234|1234|1234|1234|…  0
 250  norvel        x...x...x....x...x...x....xx...x...x...…     |1234|1234|1234|1234|1234|1234|1234|…  0
 251  norvel        x...xx...xx..x...x...x..x...x..x/2           |1234|1234|1234|1234|1234|1234|1234|…  0
 252  norvel        x...xx..x...xxx..x..x...x..x/5               |1234|1234|1234|1234|1234|1234|1234|…  0
 253  norvel        x..x..x...xxx..x...x...xx..x/5               |1234|1234|1234|1234|1234|1234|1234|…  0
 254  norvel        xx.....x....x....x....x....x....xx....x…     |1234|1234|1234|1234|1234|1234|1234|…  0
 255  norvel        x..x...x..xx..x...x..x..xx...x..x..x/4       |1234|1234|1234|1234|1234|1234|1234|…  0
 256  norvel        x...x...x...x...x...x...x....x....x....…     |1234|1234|1234|1234|1234|1234|1234|…  0
 257  norvel        x...x..x..x...x..x..x..x...x/2               |1234|1234|1234|1234|1234|1234|1234|…  0
 258  norvel        x...x...x...x....xx...x...x....x...x...…     |1234|1234|1234|1234|1234|1234|1234|…  0
 259  norvel        x..xx...x..x..x..x...x...x..x..x...x/8       |1234|1234|1234|1234|1234|1234|1234|…  0
 260  norvel        x..x..x...x..x...x..x..x..xx/4               |1234|1234|1234|1234|1234|1234|1234|…  0
 261  norvel        x...x...x..x..x..x...x..x...xx..x..x/7       |1234|1234|1234|1234|1234|1234|1234|…  0
 262  norvel        xx...x..x...xx..x...xx..x...xx...x..x..…     |1234|1234|1234|1234|1234|1234|1234|…  0
 263  norvel        x...x....x...x....x...x...x....x...x/6       |1234|1234|1234|1234|1234|1234|1234|…  0
 264  norvel        x..x...x..x...x..x..x...x..xx..x...x/5       |1234|1234|1234|1234|1234|1234|1234|…  0
 265  norvel        x...x..xx..xx...xx..x..xx...x..x/4           |1234|1234|1234|1234|1234|1234|1234|…  0
 266  norvel        xx..xxx..xx..xx..xx..xx..x...x..x..x/5       |1234|1234|1234|1234|1234|1234|1234|…  0
 267  norvel        x..xx...x..x..x..x..xx..x..x/5               |1234|1234|1234|1234|1234|1234|1234|…  0
 268  norvel        x...x...x..x...x..x..x..x..x/6               |1234|1234|1234|1234|1234|1234|1234|…  0
 269  norvel        x...x...x...x....xx...x...x...x...xx/3       |1234|1234|1234|1234|1234|1234|1234|…  0
 270  norvel        x..x..x..x..x..x...x...x...x/2               |1234|1234|1234|1234|1234|1234|1234|…  0
 271  norvel        x...x...xxx...x....x...xx...x...xx....x…     |1234|1234|1234|1234|1234|1234|1234|…  0
 272  norvel        x...xx...x...x....x...xx...x...x...x/2       |1234|1234|1234|1234|1234|1234|1234|…  0
 273  norvel        x....x....xx...x...x...xxx....xx...x...…     |1234|1234|1234|1234|1234|1234|1234|…  0
 274  norvel        x....x....x....x....xx.....x....x....x.…     |1234|1234|1234|1234|1234|1234|1234|…  0
 275  norvel        x...x....x....xx...x....x....x....xx...…     |1234|1234|1234|1234|1234|1234|1234|…  0
 276  norvel        xx...xxx...x....x....x...xx....x...xxx.…     |1234|1234|1234|1234|1234|1234|1234|…  0
 277  norvel        x...x...x...x...x...x...xx...x...xx....…     |1234|1234|1234|1234|1234|1234|1234|…  0
 278  norvel        x...x..xx..x..x...x...xx..x...xx...x/6       |1234|1234|1234|1234|1234|1234|1234|…  0
 279  norvel        x...x...x....x...x...x...x....x...x...x…     |1234|1234|1234|1234|1234|1234|1234|…  0
 280  norvel        x...x....x...x....x...x...x....x...x/6       |1234|1234|1234|1234|1234|1234|1234|…  0
 281  norvel        xx.....xx.....x....x.....xx.....x.....x…     |1234|1234|1234|1234|1234|1234|1234|…  0
 282  norvel        x...x...x...xx...x....x...x...x...xx...…     |1234|1234|1234|1234|1234|1234|1234|…  0
 283  norvel        x...x...xx....xxx...x...x....x...xx...x…     |1234|1234|1234|1234|1234|1234|1234|…  0
 284  norvel        xx...x...xx...x....x....x...x...x....xx…     |1234|1234|1234|1234|1234|1234|1234|…  0
 285  norvel        x...xx....xx...x...x....xx...x...xx....…     |1234|1234|1234|1234|1234|1234|1234|…  0
 286  norvel        x...x..x..x...x..x..xx..x..x/4               |1234|1234|1234|1234|1234|1234|1234|…  0
 287  norvel        x..x..x..x..x..x..x..x...x..x..x/4           |1234|1234|1234|1234|1234|1234|1234|…  0
 288  norvel        x...xx...xx...x....x...x...x...x...x...…     |1234|1234|1234|1234|1234|1234|1234|…  0
 289  norvel        x....x...x...x...x...x...x....x...x...x…     |1234|1234|1234|1234|1234|1234|1234|…  0
 290  norvel        x...x..x..x...x..x...x..x..x...x...x/4       |1234|1234|1234|1234|1234|1234|1234|…  0
 291  norvel        x..x..x..x...x..xxx...xxx...x..x/4           |1234|1234|1234|1234|1234|1234|1234|…  0
 292  norvel        x...xx....x....xx...xx...x....x...x....…     |1234|1234|1234|1234|1234|1234|1234|…  0
 293  norvel        x...x...x....x....x....x....x...x....x.…     |1234|1234|1234|1234|1234|1234|1234|…  0
 294  norvel        x.....x....x....x.....xx....x.....xx...…     |1234|1234|1234|1234|1234|1234|1234|…  0
 295  norvel        x...x..x..x..x...xx..xx..xxx..x..xx...x…     |1234|1234|1234|1234|1234|1234|1234|…  0
 296  norvel        x..xx..xx..x..x...x..x..x..x/2               |1234|1234|1234|1234|1234|1234|1234|…  0
 297  norvel        xx..x...x...x...x..x..x...xx..xx/2           |1234|1234|1234|1234|1234|1234|1234|…  1
 298  norvel        x...x....x....x...x...x....x...x...x...…     |1234|1234|1234|1234|1234|1234|1234|…  0
 299  norvel        x..x...x..x...x...x..x..x..x/6               |1234|1234|1234|1234|1234|1234|1234|…  0
 300  norvel        x...xx...x..xx...x..xx..x..xx..x...x/7       |1234|1234|1234|1234|1234|1234|1234|…  0
 301  norvel        x...xx....x...x...x....x...xx...x...xx.…     |1234|1234|1234|1234|1234|1234|1234|…  0
 302  norvel        x...x...xx...x....x...x...x...x...xx...…     |1234|1234|1234|1234|1234|1234|1234|…  0
 303  norvel        x...xx...x...x..x..x..x..x...x..x..x/7       |1234|1234|1234|1234|1234|1234|1234|…  0
 304  norvel        xx....x...x....x...x....x...xx...xx....…     |1234|1234|1234|1234|1234|1234|1234|…  0
 305  norvel        x...xx...x...x....x...x...x....x/3           |1234|1234|1234|1234|1234|1234|1234|…  0
 306  norvel        x..x...x..x...x..x..x...x..x/4               |1234|1234|1234|1234|1234|1234|1234|…  0
 307  norvel        xxx..x...xx..xx..xxx...xx...x..x...x/6       |1234|1234|1234|1234|1234|1234|1234|…  0
 308  norvel        x....xx...x....xx....x...x....x...xxx..…     |1234|1234|1234|1234|1234|1234|1234|…  0
 309  norvel        x..x..xx..x...x..x...x...x..x..x...x/8       |1234|1234|1234|1234|1234|1234|1234|…  0
 310  norvel        x..x..x...x..xx...x..x..x...xx..x..x/6       |1234|1234|1234|1234|1234|1234|1234|…  0
 311  norvel        x..x..xxx...x..x..xxx..xxx..x..xx..x/5       |1234|1234|1234|1234|1234|1234|1234|…  0
 312  norvel        xx...x...xx...x...x...x...x...x....x...…     |1234|1234|1234|1234|1234|1234|1234|…  0
 313  norvel        x..x..x...x...x..x..x...x..x/6               |1234|1234|1234|1234|1234|1234|1234|…  0
 314  norvel        xxx..x..xx..xx...x..x..x..xx...xx..x...…     |1234|1234|1234|1234|1234|1234|1234|…  0
 315  norvel        x...x...x...x...x....xx...x...xx...x...…     |1234|1234|1234|1234|1234|1234|1234|…  0
 316  norvel        xx...xx....x...xx...xx....x...x...xx...…     |1234|1234|1234|1234|1234|1234|1234|…  0
 317  norvel        x...x..x...x..x..xx..x..x..xx...x..x/8       |1234|1234|1234|1234|1234|1234|1234|…  0
 318  norvel        xx..x..x...x..x..xx..x..x..x/4               |1234|1234|1234|1234|1234|1234|1234|…  0
 319  norvel        x...x...xx...xx....xxx...xx....x...x...…     |1234|1234|1234|1234|1234|1234|1234|…  0
 320  norvel        x..x..xx..x...x..x..xxx..x..x..x...x/7       |1234|1234|1234|1234|1234|1234|1234|…  0
 321  norvel        x....x....x...x....x...x....x...x...x..…     |1234|1234|1234|1234|1234|1234|1234|…  0
 322  norvel        xx.....x....x.....x.....x.....x.....xx.…     |1234|1234|1234|1234|1234|1234|1234|…  0
 323  norvel        xx...x..x..x..x..x...x..x..xx..x...x/6       |1234|1234|1234|1234|1234|1234|1234|…  0
 324  norvel        x..x...x..x...x..x...x..x..x...x/7           |1234|1234|1234|1234|1234|1234|1234|…  0
 325  norvel        x..x..x..x..x..x...x..x..x..x..x/7           |1234|1234|1234|1234|1234|1234|1234|…  0
 326  norvel        x...x...x...x....x...x....x...x....x...…     |1234|1234|1234|1234|1234|1234|1234|…  0
 327  norvel        xxx...x..xx...x..xxx...x..xxx..x...x/6       |1234|1234|1234|1234|1234|1234|1234|…  0
 328  norvel        x....x....x....x....x.....x.....x....x.…     |1234|1234|1234|1234|1234|1234|1234|…  0
 329  norvel        x.....x....x....x....x....x....x.....x.…     |1234|1234|1234|1234|1234|1234|1234|…  0
 330  norvel        x....x.....xx.....x....x....x....xx....…     |1234|1234|1234|1234|1234|1234|1234|…  0
 331  norvel        xx....x...x...x...x....x...xx...xx....x…     |1234|1234|1234|1234|1234|1234|1234|…  0
 332  norvel        x....x....x....x....x....x....x.....xx.…     |1234|1234|1234|1234|1234|1234|1234|…  0
 333  norvel        x....x...xxx....xx...x...x....xx....xxx…     |1234|1234|1234|1234|1234|1234|1234|…  0
 334  norvel        x...x...x..x...x..x...x...x..x..x..x/4       |1234|1234|1234|1234|1234|1234|1234|…  0
 335  norvel        x...x...x...xx...xx...x..x..x..x...x...…     |1234|1234|1234|1234|1234|1234|1234|…  0
 336  norvel        x..x..x..x...x..x...x...x..x/4               |1234|1234|1234|1234|1234|1234|1234|…  0
 337  norvel        x..xxx...x...x...x..x..x...x...x/2           |1234|1234|1234|1234|1234|1234|1234|…  0
 338  norvel        x...x....x...xx...xx....x...xx...x....x…     |1234|1234|1234|1234|1234|1234|1234|…  0
 339  norvel        x....x....x.....x....x....x.....x....x.…     |1234|1234|1234|1234|1234|1234|1234|…  0
 340  norvel        xx....x...x....x...x...x...xx....x....x…     |1234|1234|1234|1234|1234|1234|1234|…  0
 341  norvel        x...x....x...x....x....x...x...x...x...…     |1234|1234|1234|1234|1234|1234|1234|…  0
 342  norvel        x...x..xx...xxx...xxx...x..x...x...xx..…     |1234|1234|1234|1234|1234|1234|1234|…  0
 343  norvel        x...x..xxx..x..x..x...x...xx/2               |1234|1234|1234|1234|1234|1234|1234|…  0
 344  norvel        x...xx....x....x...x...x...x...x...x/5       |1234|1234|1234|1234|1234|1234|1234|…  0
 345  norvel        xx....x....x....x....x.....x....x....xx…     |1234|1234|1234|1234|1234|1234|1234|…  0
 346  norvel        x.....x.....x....x....x....xx....x....x…     |1234|1234|1234|1234|1234|1234|1234|…  0
 347  norvel        xx..x...x...x...x..x...xx..xx..xx..x...…     |1234|1234|1234|1234|1234|1234|1234|…  0
 348  norvel        xx....x...x...x...x...x...x...x...x...x…     |1234|1234|1234|1234|1234|1234|1234|…  0
 349  norvel        x..xx..x..x..xx...x...x..x..x..x/4           |1234|1234|1234|1234|1234|1234|1234|…  0
 350  norvel        x..x..x..xx..xx..x...x..x..xx..x/5           |1234|1234|1234|1234|1234|1234|1234|…  0
 351  norvel        xx..x...x..x..x..x..x..x..x...xx/4           |1234|1234|1234|1234|1234|1234|1234|…  0
 352  norvel        xxx..x..x...xxx...xxx...x..x..xx/2           |1234|1234|1234|1234|1234|1234|1234|…  0
 353  norvel        x...x....x...xx...xx...x...x...x...x...…     |1234|1234|1234|1234|1234|1234|1234|…  0
 354  norvel        xx....xxx...xx...x...x...x...xxx...x...…     |1234|1234|1234|1234|1234|1234|1234|…  0
 355  norvel        x...x...x....x...x....xx...x...x....x..…     |1234|1234|1234|1234|1234|1234|1234|…  0
 356  norvel        x..x..x..x...x..xx..xx..xx...x..x..x/7       |1234|1234|1234|1234|1234|1234|1234|…  0
 357  norvel        x...x...xx..xx..x...x...xxx..x...xxx...…     |1234|1234|1234|1234|1234|1234|1234|…  0
 358  norvel        x...x...x...x...x....x....x...x...x...x…     |1234|1234|1234|1234|1234|1234|1234|…  0
 359  norvel        xx...x..x..x..xx...x..x..x..x..x/5           |1234|1234|1234|1234|1234|1234|1234|…  0
 360  norvel        x....x....x....x....x....x....x.....x..…     |1234|1234|1234|1234|1234|1234|1234|…  0
 361  norvel        x...xx....x...x...x...x...x....xxx....x…     |1234|1234|1234|1234|1234|1234|1234|…  0
 362  norvel        x..x..x..xx..xx..x..xx...xxx...x..xx/5       |1234|1234|1234|1234|1234|1234|1234|…  0
 363  norvel        x...xxx....x....xx....x...x...x...xx...…     |1234|1234|1234|1234|1234|1234|1234|…  0
 364  norvel        x...x..x...xx...x..xx...x..x..xx/5           |1234|1234|1234|1234|1234|1234|1234|…  0
 365  norvel        x....x....x...x...x....x...x...x...x...…     |1234|1234|1234|1234|1234|1234|1234|…  0
 366  norvel        x...x...x....x...xx....x...x...x....x..…     |1234|1234|1234|1234|1234|1234|1234|…  0
 367  norvel        x..x..x..x...xx..x...xx...x...x...xxx..…     |1234|1234|1234|1234|1234|1234|1234|…  0
 368  norvel        x...x...x...x...x....x....x...x....x...…     |1234|1234|1234|1234|1234|1234|1234|…  0
 369  norvel        x...x...xx...x...x...x....x....x/3           |1234|1234|1234|1234|1234|1234|1234|…  0
 370  norvel        x..x...x...x..x..x..x...x...x..x/7           |1234|1234|1234|1234|1234|1234|1234|…  0
 371  norvel        x..xx...x..x..x..xx..x..x..x/2               |1234|1234|1234|1234|1234|1234|1234|…  0
 372  norvel        x....x....x...x...xx...x...x...xx....x.…     |1234|1234|1234|1234|1234|1234|1234|…  0
 373  norvel        x...x...x..x..x...x...x..x..x..xx..x/8       |1234|1234|1234|1234|1234|1234|1234|…  0
 374  norvel        x..x...x..xx..xxx..xx..xx..xx..x/2           |1234|1234|1234|1234|1234|1234|1234|…  0
 375  norvel        x...x..x..x..x...xxx...x...x...x..x...x…     |1234|1234|1234|1234|1234|1234|1234|…  0
 376  norvel        x..xx..x...x..xx..xxx...xxx...x..x..x..…     |1234|1234|1234|1234|1234|1234|1234|…  0
 377  norvel        x....x....x....x....x....x....x.....x..…     |1234|1234|1234|1234|1234|1234|1234|…  0
 378  norvel        x....x...xx....x....xx...x...xx....x...…     |1234|1234|1234|1234|1234|1234|1234|…  0
 379  norvel        x..xx...xx..x..x...x..xx...x/2               |1234|1234|1234|1234|1234|1234|1234|…  0
 380  norvel        x...x...xx....x...x...x...xx...x/2           |1234|1234|1234|1234|1234|1234|1234|…  0
 381  norvel        x..x..x..x..x..x..x...x..x...xxx...x/4       |1234|1234|1234|1234|1234|1234|1234|…  0
 382  norvel        x....x...x...x...x...x...xx...xx/5           |1234|1234|1234|1234|1234|1234|1234|…  0
 383  norvel        x..xx..xx...x..x..xx..xx..xx..xx...x..x…     |1234|1234|1234|1234|1234|1234|1234|…  0
 384  norvel        x..x..x..x..x...x..x...x..xx/5               |1234|1234|1234|1234|1234|1234|1234|…  0
 385  norvel        x..x..x..x..x...xx..x..x..xx/5               |1234|1234|1234|1234|1234|1234|1234|…  0
 386  norvel        x...x...x...x....x...x....x...x....x...…     |1234|1234|1234|1234|1234|1234|1234|…  0
 387  norvel        x....x....xx...x....x...x...x...xx...x.…     |1234|1234|1234|1234|1234|1234|1234|…  0
 388  norvel        xx..x...x...x..xx..x..xx..x..x..x..x/5       |1234|1234|1234|1234|1234|1234|1234|…  0
 389  norvel        x...x..x...x..x..x..x..xx..x/4               |1234|1234|1234|1234|1234|1234|1234|…  0
 390  norvel        xx..xx...x...x...x..xx..x...x..x/2           |1234|1234|1234|1234|1234|1234|1234|…  0
 391  norvel        x..x..xx...x..x..x..xx...x..x..x/4           |1234|1234|1234|1234|1234|1234|1234|…  0
 392  norvel        x..x...xx..x..x..xxx..x..x...x..x..x/5       |1234|1234|1234|1234|1234|1234|1234|…  0
 393  norvel        x...x....x...x....x....x...xxx....x....…     |1234|1234|1234|1234|1234|1234|1234|…  0
 394  norvel        xx...x...x....xx...x...x....x...x....x.…     |1234|1234|1234|1234|1234|1234|1234|…  0
 395  norvel        xx....xx....xxx....x...x...xx...x...xx.…     |1234|1234|1234|1234|1234|1234|1234|…  0
 396  norvel        x...x..x..xx..x..xx...xx..xx..xxx...x..…     |1234|1234|1234|1234|1234|1234|1234|…  0
 397  norvel        xx..xx..xx..xx...x..x...x..xx..x/5           |1234|1234|1234|1234|1234|1234|1234|…  0
 398  norvel        x..x...x..x...x..x..x...x..x...x/6           |1234|1234|1234|1234|1234|1234|1234|…  0
 399  norvel        xx..xx...x..x..xx..x..x..xxx/2               |1234|1234|1234|1234|1234|1234|1234|…  0
 400  norvel        x....x...x...x...x...x...x....x....x...…     |1234|1234|1234|1234|1234|1234|1234|…  0
 401  norvel        x....x....x.....x.....x....x....x.....x…     |1234|1234|1234|1234|1234|1234|1234|…  0
 402  norvel        x...x...x...x....x...x....x....x...x...…     |1234|1234|1234|1234|1234|1234|1234|…  0
 403  norvel        xx...x..x..xxx...x..x..xxx..x..x...x/5       |1234|1234|1234|1234|1234|1234|1234|…  0
 404  norvel        xx...xx...x...xx...x....x....x...xx...x…     |1234|1234|1234|1234|1234|1234|1234|…  0
 405  norvel        xxx...x..x...xx..x..x..x...x/5               |1234|1234|1234|1234|1234|1234|1234|…  0
 406  norvel        x...xx....x...x...x...xx...x...xxx....x…     |1234|1234|1234|1234|1234|1234|1234|…  0
 407  norvel        xx..xx..x..x..xx...x..xx..x..x..x..x/8       |1234|1234|1234|1234|1234|1234|1234|…  0
 408  norvel        x...x...x...x...x...x...x....xx....x...…     |1234|1234|1234|1234|1234|1234|1234|…  0
 409  norvel        x...xx...x....xx...x....x...x....xx....…     |1234|1234|1234|1234|1234|1234|1234|…  0
 410  norvel        x..x..x..x..xxx..xx..x...x..x..xx..x/4       |1234|1234|1234|1234|1234|1234|1234|…  0
 411  norvel        x....xx...x...x...x...x...xx...x/3           |1234|1234|1234|1234|1234|1234|1234|…  0
 412  norvel        xx...x...x...x...x...x....x....x...x...…     |1234|1234|1234|1234|1234|1234|1234|…  0
 413  norvel        x....x....x.....x....x....x....x....x..…     |1234|1234|1234|1234|1234|1234|1234|…  0
 414  norvel        xxx...x...x....x....x...xx....x...x....…     |1234|1234|1234|1234|1234|1234|1234|…  0
 415  norvel        x...xxx....xx...x...x....xx...xx...x...…     |1234|1234|1234|1234|1234|1234|1234|…  0
 416  norvel        xx...xx..x...x..x...x..x..x..x..x..x/5       |1234|1234|1234|1234|1234|1234|1234|…  0
 417  norvel        x...x...x..x...x...x..x...x..x..x..x/6       |1234|1234|1234|1234|1234|1234|1234|…  0
 418  norvel        x...x....xx...x...xx...x...xxx...x...xx…     |1234|1234|1234|1234|1234|1234|1234|…  0
 419  norvel        x..x..xx..x...x...xx..x..xxx...x/4           |1234|1234|1234|1234|1234|1234|1234|…  0
 420  norvel        x....xx....x....x....x...x...xx...x...x…     |1234|1234|1234|1234|1234|1234|1234|…  0
 421  norvel        x...x....x....x....xx...x....x....x...x…     |1234|1234|1234|1234|1234|1234|1234|…  0
 422  norvel        x....xx....xxx...x...x...x...x...xx...x…     |1234|1234|1234|1234|1234|1234|1234|…  0
 423  norvel        xxx..xx..xx...x...xxx...x..xx..x/5           |1234|1234|1234|1234|1234|1234|1234|…  0
 424  norvel        x...x....x....x...x....x....x....x...xx…     |1234|1234|1234|1234|1234|1234|1234|…  0
 425  norvel        xx....x....x....x.....xx....x....xx....…     |1234|1234|1234|1234|1234|1234|1234|…  1
 426  norvel        x..x..xx...x..x..x..x..x..xx..xx/4           |1234|1234|1234|1234|1234|1234|1234|…  0
 427  norvel        x...x..xx..x..x..xx..x..xx...x..x..x/6       |1234|1234|1234|1234|1234|1234|1234|…  0
 428  norvel        x..x...xx...x..x...x..xx...x/2               |1234|1234|1234|1234|1234|1234|1234|…  0
 429  norvel        x....x....x....x....x.....x.....x.....x…     |1234|1234|1234|1234|1234|1234|1234|…  0
 430  norvel        x..x...x..x..xx..x...x...xx..x..x..x/4       |1234|1234|1234|1234|1234|1234|1234|…  0
 431  norvel        xx....x...x....x....x...xx....x...xx...…     |1234|1234|1234|1234|1234|1234|1234|…  0
 432  norvel        x...xx..x..xx..x...x..x..x..x..x/4           |1234|1234|1234|1234|1234|1234|1234|…  0
 433  norvel        x..x..xxx..xx...x..xx..xx..x..xx..xx/7       |1234|1234|1234|1234|1234|1234|1234|…  0
 434  norvel        x...xx..x..xx..xx..xx..x...x..x...xx/5       |1234|1234|1234|1234|1234|1234|1234|…  0
 435  norvel        x..xx..xx...x..xx...x..xx..xx..xx..xx..…     |1234|1234|1234|1234|1234|1234|1234|…  0
 436  norvel        x...x..x..xx..xx..xxx...xx..x..xx..x/4       |1234|1234|1234|1234|1234|1234|1234|…  0
 437  norvel        x...x..xx...x..x..x..xx...x..x..x..x/6       |1234|1234|1234|1234|1234|1234|1234|…  0
 438  norvel        x..x..x...x...x..x..x..x...xx..x/4           |1234|1234|1234|1234|1234|1234|1234|…  0
 439  norvel        x....x.....x.....x.....x.....x.....xx..…     |1234|1234|1234|1234|1234|1234|1234|…  0
 440  norvel        x.....x.....xx.....x.....x....xx.....x.…     |1234|1234|1234|1234|1234|1234|1234|…  0
 441  norvel        x..x..x..x...x...x...x..x..x/4               |1234|1234|1234|1234|1234|1234|1234|…  0
 442  norvel        x...x....x...xx...x....xx...xx...xx...x…     |1234|1234|1234|1234|1234|1234|1234|…  0
 443  norvel        xx....xx.....xxx....xx....x....x....xx.…     |1234|1234|1234|1234|1234|1234|1234|…  0
 444  norvel        xx..x..xx..x...x..x..x...x...x...xx..xx…     |1234|1234|1234|1234|1234|1234|1234|…  0
 445  norvel        xx...xx...x....xx....x...x....x....x...…     |1234|1234|1234|1234|1234|1234|1234|…  0
 446  norvel        x..x..xx..x..xx..x...xx..xxx...x...x..x…     |1234|1234|1234|1234|1234|1234|1234|…  0
 447  norvel        x...x...x..x..x..x...xx...x..xxx/6           |1234|1234|1234|1234|1234|1234|1234|…  0
 448  norvel        x...xx...x....x...x...x...xx...x...x...…     |1234|1234|1234|1234|1234|1234|1234|…  0
 449  norvel        x...xx...x...x..x..xx..x...x..xx/2           |1234|1234|1234|1234|1234|1234|1234|…  0
 450  norvel        x...x....x...x...x...x....x...x....x/2       |1234|1234|1234|1234|1234|1234|1234|…  0
 451  norvel        xx..x...x...x...x..x..xx..xxx..xx..xx..…     |1234|1234|1234|1234|1234|1234|1234|…  0
 452  norvel        x....x....x....x....x.....x....x....x..…     |1234|1234|1234|1234|1234|1234|1234|…  0
 453  norvel        x..x..x..x...x..x..xx...x..x/4               |1234|1234|1234|1234|1234|1234|1234|…  0
 454  norvel        x...x..x..xxx...x...x...x..x...x/2           |1234|1234|1234|1234|1234|1234|1234|…  0
 455  norvel        xx....x....x....x.....x....x....x....x.…     |1234|1234|1234|1234|1234|1234|1234|…  0
 456  norvel        x....xx...x....xx...xx...xx...x...x...x…     |1234|1234|1234|1234|1234|1234|1234|…  0
 457  norvel        x...x..x..x..x..x..x...x..xx/5               |1234|1234|1234|1234|1234|1234|1234|…  0
 458  norvel        x..x...x..xx..x..x...x..x..xx..x/6           |1234|1234|1234|1234|1234|1234|1234|…  0
 459  norvel        xx....x...xx....x...xx....x...xx...x...…     |1234|1234|1234|1234|1234|1234|1234|…  0
 460  norvel        x...x..x...xx..xx..x...xx..xx...xx..x..…     |1234|1234|1234|1234|1234|1234|1234|…  0
 461  norvel        x...x....x...x...x....x...x....x...x/2       |1234|1234|1234|1234|1234|1234|1234|…  0
 462  norvel        xx..x..x..x...xx..x...xx..x..x...xx...x…     |1234|1234|1234|1234|1234|1234|1234|…  0
 463  norvel        x..x..x..xx...x..x...x...x...x..x..x/7       |1234|1234|1234|1234|1234|1234|1234|…  0
 464  norvel        xxx...xx...x...x...x...x....x...xx...xx…     |1234|1234|1234|1234|1234|1234|1234|…  0
 465  norvel        x....x...x....xx...xx...x...xx....xxx..…     |1234|1234|1234|1234|1234|1234|1234|…  0
 466  norvel        x..x..x...x..xxx...x..x..x..x..x/6           |1234|1234|1234|1234|1234|1234|1234|…  0
 467  norvel        x..x..x...x...x..x...x..x...x..x/6           |1234|1234|1234|1234|1234|1234|1234|…  0
 468  norvel        x....x...x...x...x...x...x...x....x...x…     |1234|1234|1234|1234|1234|1234|1234|…  0
 469  norvel        x...xx...x...x...x...xx....xx...x....xx…     |1234|1234|1234|1234|1234|1234|1234|…  0
 470  norvel        x..x..x..x..x...x...x..x..x...xx/5           |1234|1234|1234|1234|1234|1234|1234|…  0
 471  norvel        x...x...xxx....xxx....x...x....xx...xx.…     |1234|1234|1234|1234|1234|1234|1234|…  0
 472  norvel        x...x....xx...x...x....x....x....xx....…     |1234|1234|1234|1234|1234|1234|1234|…  0
 473  norvel        x...x...x...x...x....xx...xx...x....xxx…     |1234|1234|1234|1234|1234|1234|1234|…  0
 474  norvel        xx....x.....x.....x....x.....x.....xx..…     |1234|1234|1234|1234|1234|1234|1234|…  0
 475  norvel        xx...xxx...x...x...xxx....x...xx...x...…     |1234|1234|1234|1234|1234|1234|1234|…  0
 476  norvel        xx...x..x...x...x..x...x...xx..x/4           |1234|1234|1234|1234|1234|1234|1234|…  0
 477  norvel        xxx..xx..x..x..x..xx..xxx...x..x...x/4       |1234|1234|1234|1234|1234|1234|1234|…  0
 478  norvel        xx...x....xx...xx....x...x...xx....xx..…     |1234|1234|1234|1234|1234|1234|1234|…  0
 479  norvel        xx...xx...x...xx...x..xx...x..x..x..x..…     |1234|1234|1234|1234|1234|1234|1234|…  0
 480  norvel        x....x...xx...x...x....x...x...x/3           |1234|1234|1234|1234|1234|1234|1234|…  0
 481  norvel        x...x..x..x...x..x..x...x..x/4               |1234|1234|1234|1234|1234|1234|1234|…  0
 482  norvel        x...x..xx..x..x..x...x..xx..x..x/5           |1234|1234|1234|1234|1234|1234|1234|…  0
 483  norvel        x..x...x..x..xx..x..x..x...x..xx/4           |1234|1234|1234|1234|1234|1234|1234|…  0
 484  norvel        xx.....x....xx....xx....xxx....x....xx.…     |1234|1234|1234|1234|1234|1234|1234|…  0
 485  norvel        x..xx..x..x..x...xx..xx...xx...x..xx/7       |1234|1234|1234|1234|1234|1234|1234|…  0
 486  norvel        x..x..x..x...xxx...x...x..x...xx...x/7       |1234|1234|1234|1234|1234|1234|1234|…  0
 487  norvel        x..x..x...xxx...xx..xxx...x..x..x..x/5       |1234|1234|1234|1234|1234|1234|1234|…  0
 488  norvel        xx..x..x...x...x..x..x..x...x..x/4           |1234|1234|1234|1234|1234|1234|1234|…  0
 489  norvel        x...x...xx...x...xx...x....x...x...x...…     |1234|1234|1234|1234|1234|1234|1234|…  0
 490  norvel        x..x..x..x...x...x...x..x...xx..xxx..xx…     |1234|1234|1234|1234|1234|1234|1234|…  1
 491  norvel        xx.....xx....x....xx.....x.....xx....xx…     |1234|1234|1234|1234|1234|1234|1234|…  0
 492  norvel        xx..x...xxx..x..xxx...x..x...xx..x..x..…     |1234|1234|1234|1234|1234|1234|1234|…  0
 493  norvel        xx...xx...x...x...x...x...x....xxx...xx…     |1234|1234|1234|1234|1234|1234|1234|…  0
 494  norvel        xx...x..x...xx..x..x..x..x..x..x..xx/5       |1234|1234|1234|1234|1234|1234|1234|…  0
 495  norvel        x...x....x...x...x...x....x...x...x...x…     |1234|1234|1234|1234|1234|1234|1234|…  0
 496  norvel        x...x...x...x....x...xx...x...x...xx/2       |1234|1234|1234|1234|1234|1234|1234|…  0
 497  norvel        xx....xx....x.....x....x.....x....x....…     |1234|1234|1234|1234|1234|1234|1234|…  0
 498  norvel        x...x....x....x...x....x...x...x/2           |1234|1234|1234|1234|1234|1234|1234|…  0
 499  norvel        x....x....x....x....x.....x....x....x..…     |1234|1234|1234|1234|1234|1234|1234|…  0

per-name tally this round
name             presented correct  hit-rate
norvel                 500       9      1.8%
