Centaur Zendo round 4 (training)
round_id : 7e177e465a71459c980de6b2808ae13b
written  : 2026-09-04 22:18:34Z
presented=476  answered=476  correct=94  skipped=0
client answer latency: mean 0.131 ms  median 0.124 ms  max 1.139 ms  (n=476)

 idx  name          clue                                      answer                                    score
------------------------------------------------------------------------------------------------------------
   0  norvel        x..x..xx...x...x...x..x..x..x..x..xx/8          |1234|1234|1234|1234|1234|1234|12…  0
   1  norvel        x....x....x....x...xxx...x...xxx...x/5          |1234|1234|1234|1234|1234|1234|12…  0
   2  norvel        xx...x..x...x..x...x..x...xx..x..xxx/7          |1234|1234|1234|1234|1234|1234|12…  0
   3  norvel        x...x...x....x....x....x...xx....x....x…        |1234|1234|1234|1234|1234|1234|12…  0
   4  norvel        x..xx...x..x...xx..x...x..x..x..x..x/5          |1234|1234|1234|1234|1234|1234|12…  1
   5  norvel        x....x...x....xx...x...x....x....x....x…        |1234|1234|1234|1234|1234|1234|12…  0
   6  norvel        x...x....x...x....x...x....xx...x...xx.…        |1234|1234|1234|1234|1234|1234|12…  0
   7  norvel        x..x..x...x..x..x...x...x..x...x...x/7          |1234|1234|1234|1234|1234|1234|12…  0
   8  norvel        xx..x...xx..xxx..x..x..xx..x..x...xx/5          |1234|1234|1234|1234|1234|1234|12…  1
   9  norvel        x...x...x...xx....x...x...x...x...xx...…        |1234|1234|1234|1234|1234|1234|12…  0
  10  norvel        x...x...x....x....x...x...x...x...x....…        |1234|1234|1234|1234|1234|1234|12…  0
  11  norvel        xxx...x...x....x....x...xx...x....xx/2          |1234|1234|1234|1234|1234|1234|12…  0
  12  norvel        x....x...x....x....x...xx....x...x....x…        |1234|1234|1234|1234|1234|1234|12…  0
  13  norvel        x...xx...x....xx....x...x...x....x...x.…        |1234|1234|1234|1234|1234|1234|12…  0
  14  norvel        xx...x..x..xx..x..x..xx..x..x..x/7              |1234|1234|1234|1234|1234|1234|12…  0
  15  norvel        x...x...x...x...x...x....x...xx...x...x…        |1234|1234|1234|1234|1234|1234|12…  0
  16  norvel        x..xxx..xx...x..x..xx..xx..xx..xx..x...…        |1234|1234|1234|1234|1234|1234|12…  1
  17  norvel        x...xxx...x....x...xx...x...xxx...xx/5          |1234|1234|1234|1234|1234|1234|12…  0
  18  norvel        x....x...xxx...x....xx....x...x...x...x…        |1234|1234|1234|1234|1234|1234|12…  0
  19  norvel        x....x....xx....xxx....x.....x....xxx..…        |1234|1234|1234|1234|1234|1234|12…  0
  20  norvel        x.....x....x.....xx.....xx....x....xx..…        |1234|1234|1234|1234|1234|1234|12…  0
  21  norvel        x...xx...xxx...x....x...x....x....x....…        |1234|1234|1234|1234|1234|1234|12…  0
  22  norvel        x.....x.....x....x....x.....x....x....x…        |1234|1234|1234|1234|1234|1234|12…  0
  23  norvel        x....xx...xx...x....x...x...xx...x...xx…        |1234|1234|1234|1234|1234|1234|12…  0
  24  norvel        x..x..xx..x..xx..xx..x...xx..xxx/2              |1234|1234|1234|1234|1234|1234|12…  1
  25  norvel        x..x...x..xx..x...x...x...x..x..x..x/8          |1234|1234|1234|1234|1234|1234|12…  0
  26  norvel        x...xx...xxx...x....xx...xx...x....x...…        |1234|1234|1234|1234|1234|1234|12…  0
  27  norvel        x...x...x...x....x....x...x....x...x...…        |1234|1234|1234|1234|1234|1234|12…  0
  28  norvel        x....x....x....x....x....x....x.....x..…        |1234|1234|1234|1234|1234|1234|12…  0
  29  norvel        x..x..x..x..xx..x...x..x...x...xx..x/5          |1234|1234|1234|1234|1234|1234|12…  1
  30  norvel        x....x....xx...xx...xx....x...x...x....…        |1234|1234|1234|1234|1234|1234|12…  0
  31  norvel        xx...x...xx...x...x...x...xx....xx...xx…        |1234|1234|1234|1234|1234|1234|12…  0
  32  norvel        x...x...x...x...xx...x...xx...x...x....…        |1234|1234|1234|1234|1234|1234|12…  0
  33  norvel        x....x....x...x...x...x...x...x...x...x…        |1234|1234|1234|1234|1234|1234|12…  0
  34  norvel        x..x...x..x..x..x...xx..xx...x..x..x/4          |1234|1234|1234|1234|1234|1234|12…  0
  35  norvel        x....x...x...xx....x....xx...x....x...x…        |1234|1234|1234|1234|1234|1234|12…  0
  36  norvel        x..x...xx...xx...xx...xx...x..x..x..x..…        |1234|1234|1234|1234|1234|1234|12…  0
  37  norvel        x..xx..x...x..x..x..xx..x...x..x..xx/7          |1234|1234|1234|1234|1234|1234|12…  0
  38  norvel        x....x....x....x.....x.....x....x....x.…        |1234|1234|1234|1234|1234|1234|12…  1
  39  norvel        x...xxx...x...x....x...x...x...x/2              |1234|1234|1234|1234|1234|1234|12…  0
  40  norvel        x..x...xx..x..x..x..xx..x..xx..x...x/6          |1234|1234|1234|1234|1234|1234|12…  0
  41  norvel        x...x...x...x...x...x....x....x...x...x…        |1234|1234|1234|1234|1234|1234|12…  1
  42  norvel        x...x...x....xx...x...xx...x...x...x/2          |1234|1234|1234|1234|1234|1234|12…  0
  43  norvel        x..xx..x..x...x..x..x...x..x...x/4              |1234|1234|1234|1234|1234|1234|12…  0
  44  norvel        x....x...x...xx...x...x...xx....x...x..…        |1234|1234|1234|1234|1234|1234|12…  0
  45  norvel        x....x...xx...xxx...xx....xx....x...xxx…        |1234|1234|1234|1234|1234|1234|12…  0
  46  norvel        x....x...x...x...x...x...xx...x....x...…        |1234|1234|1234|1234|1234|1234|12…  0
  47  norvel        x...x....x...x...x...x....x...x....x...…        |1234|1234|1234|1234|1234|1234|12…  0
  48  norvel        x..x...x...x...x..x..x..x..x/2                  |1234|1234|1234|1234|1234|1234|12…  1
  49  norvel        x...xx...x....x...x....xx...x....xx....…        |1234|1234|1234|1234|1234|1234|12…  0
  50  norvel        x....xx....x...xxx...x...x...x....x...x…        |1234|1234|1234|1234|1234|1234|12…  0
  51  norvel        x..xx...x...xx...x..x..xx..x...xx...xxx…        |1234|1234|1234|1234|1234|1234|12…  0
  52  norvel        x....x...x...x...x...x...x...x....x...x…        |1234|1234|1234|1234|1234|1234|12…  0
  53  norvel        xx....x....xxx....xx....x...x...xx....x…        |1234|1234|1234|1234|1234|1234|12…  0
  54  norvel        xx..x...xx..x...x..x...x..xx/2                  |1234|1234|1234|1234|1234|1234|12…  0
  55  norvel        x...x....x....x...x...x...xx....x....x.…        |1234|1234|1234|1234|1234|1234|12…  0
  56  norvel        xx...x...x...x...x...x...x...x...x....x…        |1234|1234|1234|1234|1234|1234|12…  0
  57  norvel        x....x....x...x...x...x...x....x/5              |1234|1234|1234|1234|1234|1234|12…  0
  58  norvel        x...x...xxx..x...x...x..x...x..x/2              |1234|1234|1234|1234|1234|1234|12…  0
  59  norvel        x.....xx....x....x....x....x....xx....x…        |1234|1234|1234|1234|1234|1234|12…  1
  60  norvel        x...x....x...x....x...x....x...x...x/2          |1234|1234|1234|1234|1234|1234|12…  0
  61  norvel        x....x....x...x...x....x...x...x/2              |1234|1234|1234|1234|1234|1234|12…  0
  62  norvel        x..x...xx..x..x..x..xx..x..x/6                  |1234|1234|1234|1234|1234|1234|12…  0
  63  norvel        x....x...x...x...x...x....x...x....x...…        |1234|1234|1234|1234|1234|1234|12…  0
  64  norvel        x.....x....x....x....x....x.....x....x.…        |1234|1234|1234|1234|1234|1234|12…  0
  65  norvel        xx..x..x..x..xx...x..x...x..x..x/5              |1234|1234|1234|1234|1234|1234|12…  1
  66  norvel        x..x...x..xx..x..x..xx..x..x/2                  |1234|1234|1234|1234|1234|1234|12…  1
  67  norvel        x...x...x....xx....xx....xx...x....x/2          |1234|1234|1234|1234|1234|1234|12…  0
  68  norvel        x...x....x....xx....x...x...x...x....xx…        |1234|1234|1234|1234|1234|1234|12…  0
  69  norvel        x.....xx....x....x....x.....x.....xxx..…        |1234|1234|1234|1234|1234|1234|12…  0
  70  norvel        x....xx...x...x....x...x....x....x...x.…        |1234|1234|1234|1234|1234|1234|12…  0
  71  norvel        xx....x...xxx...x...x...xxx...x...x...x…        |1234|1234|1234|1234|1234|1234|12…  0
  72  norvel        xx..x..xx..x..xxx..x...x...xxx..x..x...…        |1234|1234|1234|1234|1234|1234|12…  1
  73  norvel        x...x..x..x..x...x..x...x...x..x/6              |1234|1234|1234|1234|1234|1234|12…  0
  74  norvel        x..x..xx...x..x..x...x..x..xx..x..xx/5          |1234|1234|1234|1234|1234|1234|12…  1
  75  norvel        x...x..x...x..x...xx...xx..x...x...xx..…        |1234|1234|1234|1234|1234|1234|12…  0
  76  norvel        x....x.....x....x....x....x....x....x..…        |1234|1234|1234|1234|1234|1234|12…  0
  77  norvel        x..x..x...x...x..x..x...x..x/4                  |1234|1234|1234|1234|1234|1234|12…  0
  78  norvel        xxx...x...xx....x....x...xx...xx...x...…        |1234|1234|1234|1234|1234|1234|12…  0
  79  norvel        x....xxx.....x.....xx.....x....x....x..…        |1234|1234|1234|1234|1234|1234|12…  0
  80  norvel        x..x...x..x..x..x..x..x..x..x..x/4              |1234|1234|1234|1234|1234|1234|12…  0
  81  norvel        xxx...x....xx...xx....x...xx....x....xx…        |1234|1234|1234|1234|1234|1234|12…  0
  82  norvel        xx....x...x....x....xx...x...xx...xx...…        |1234|1234|1234|1234|1234|1234|12…  0
  83  norvel        x...xx...xx....x...xx...x...x....x....x…        |1234|1234|1234|1234|1234|1234|12…  0
  84  norvel        x..x...x..x..x...x...x..x..x/4                  |1234|1234|1234|1234|1234|1234|12…  1
  85  norvel        x..x..x...x...x..x...x..xx..xx..x..x/4          |1234|1234|1234|1234|1234|1234|12…  0
  86  norvel        x...x...x....xx...x...x....x...x...x...…        |1234|1234|1234|1234|1234|1234|12…  1
  87  norvel        x..x..x..x...x..x..x..xx...xx..xx..x/4          |1234|1234|1234|1234|1234|1234|12…  0
  88  norvel        x...xx...xx..x...x..x...x..x/2                  |1234|1234|1234|1234|1234|1234|12…  0
  89  norvel        x....x....x....x....xx....x.....x....x.…        |1234|1234|1234|1234|1234|1234|12…  0
  90  norvel        x..x...x..x..x..x..x..x...xx/5                  |1234|1234|1234|1234|1234|1234|12…  0
  91  norvel        x.....x....xx....x....x....x.....xx....…        |1234|1234|1234|1234|1234|1234|12…  0
  92  norvel        xx....x...x....x....x...x...xx....x...x…        |1234|1234|1234|1234|1234|1234|12…  0
  93  norvel        x...x...xx...x...xxx...x...xxx...x...x.…        |1234|1234|1234|1234|1234|1234|12…  0
  94  norvel        x....xx....xx.....x....x.....xxx.....x.…        |1234|1234|1234|1234|1234|1234|12…  0
  95  norvel        x..xx..x...x..x...xxx..x...xxx..x..xx..…        |1234|1234|1234|1234|1234|1234|12…  1
  96  norvel        x...x...x..xx..x..x...x..x..x..xx..x/5          |1234|1234|1234|1234|1234|1234|12…  1
  97  norvel        x....xx....x....x....x....x....x....x..…        |1234|1234|1234|1234|1234|1234|12…  0
  98  norvel        xx...x...x...x...x...x....x...xx...x/3          |1234|1234|1234|1234|1234|1234|12…  0
  99  norvel        xx..x...x...x...x..x..x..x..x..x/4              |1234|1234|1234|1234|1234|1234|12…  0
 100  norvel        x.....x....xx....x.....x....x....xx....…        |1234|1234|1234|1234|1234|1234|12…  0
 101  norvel        x...x....x...x....x...x....x...x...x/6          |1234|1234|1234|1234|1234|1234|12…  0
 102  norvel        x...x...xx...x...x...x....x...x...xx...…        |1234|1234|1234|1234|1234|1234|12…  0
 103  norvel        x...xx...xx...xx...xx...xx...x...x....x…        |1234|1234|1234|1234|1234|1234|12…  0
 104  norvel        x..x...x...x..x...x..x..x..x...x...x/7          |1234|1234|1234|1234|1234|1234|12…  0
 105  norvel        x....xx...x....xx...x...x...x...xx....x…        |1234|1234|1234|1234|1234|1234|12…  0
 106  norvel        x....xx.....x....xx....x....x....x.....…        |1234|1234|1234|1234|1234|1234|12…  0
 107  norvel        x...x...x...x....x...xx....xx....x...x.…        |1234|1234|1234|1234|1234|1234|12…  0
 108  norvel        x...x..xx..x..xx..x..x...xx..x..xx...xx…        |1234|1234|1234|1234|1234|1234|12…  1
 109  norvel        xx...x....x...x...x....xxx...x...xxx/3          |1234|1234|1234|1234|1234|1234|12…  0
 110  norvel        x....x...x....x...x...x....x...x/5              |1234|1234|1234|1234|1234|1234|12…  0
 111  norvel        x..xxx..xx..xx...x..x..xx..x/5                  |1234|1234|1234|1234|1234|1234|12…  1
 112  norvel        x....x...x....x....xxx...x...x....xx/5          |1234|1234|1234|1234|1234|1234|12…  0
 113  norvel        x....x...x...x....x....x...x...x...x/6          |1234|1234|1234|1234|1234|1234|12…  0
 114  norvel        x...x....x...x....x...xx...x...x...x...…        |1234|1234|1234|1234|1234|1234|12…  0
 115  norvel        x..x..x...xx..x...x...xx..xx/5                  |1234|1234|1234|1234|1234|1234|12…  0
 116  norvel        x....x....x.....x.....x.....x....x....x…        |1234|1234|1234|1234|1234|1234|12…  0
 117  norvel        x...x..x..x..x...xx..x..x..x...x..xx/4          |1234|1234|1234|1234|1234|1234|12…  0
 118  norvel        x...x...x...x....xx....x...x...x...x...…        |1234|1234|1234|1234|1234|1234|12…  0
 119  norvel        x..xx..xx..xxx..xx...x..xx..x..x/4              |1234|1234|1234|1234|1234|1234|12…  1
 120  norvel        x...x...x...xxx...x....x...xx...x...xxx…        |1234|1234|1234|1234|1234|1234|12…  0
 121  norvel        xx....x....x....x....x....x.....xx.....…        |1234|1234|1234|1234|1234|1234|12…  0
 122  norvel        x....xxx...x...x...xx...x...xx...x...xx…        |1234|1234|1234|1234|1234|1234|12…  0
 123  norvel        x..xx..xx...x..x...xx...x...xx..xx..x..…        |1234|1234|1234|1234|1234|1234|12…  0
 124  norvel        x..x...xxx..x..x..x...x..xx..x..x..x/7          |1234|1234|1234|1234|1234|1234|12…  1
 125  norvel        x...xx...x...x....x....x...x....x....xx…        |1234|1234|1234|1234|1234|1234|12…  0
 126  norvel        x....x....x....x....xx.....x....x....x.…        |1234|1234|1234|1234|1234|1234|12…  1
 127  norvel        x...x....x....x...x...x....x...x...x/2          |1234|1234|1234|1234|1234|1234|12…  0
 128  norvel        xx....x...x....x...x...x...x...x...x/5          |1234|1234|1234|1234|1234|1234|12…  0
 129  norvel        x...xxx...x..xxx...x..xx..xxx...x..x/2          |1234|1234|1234|1234|1234|1234|12…  0
 130  norvel        x...xx...x..x..x..x..x...x..x..x...x/5          |1234|1234|1234|1234|1234|1234|12…  1
 131  norvel        xx....x...xx...x....x...x....x...xx...x…        |1234|1234|1234|1234|1234|1234|12…  0
 132  norvel        x...xx...x..x...x...x..x...x/4                  |1234|1234|1234|1234|1234|1234|12…  1
 133  norvel        x..xx..x..xx..x..x..xxx...xx..x..xxx/6          |1234|1234|1234|1234|1234|1234|12…  0
 134  norvel        xx.....x....x....x....xx....xx....xx...…        |1234|1234|1234|1234|1234|1234|12…  0
 135  norvel        x...x...x...x...xx...x...xx....x...x/5          |1234|1234|1234|1234|1234|1234|12…  0
 136  norvel        x..xx..x..xx...x..x..x...x..x..x..xx/4          |1234|1234|1234|1234|1234|1234|12…  1
 137  norvel        x...x...x...x....x....x...x...x....x/2          |1234|1234|1234|1234|1234|1234|12…  1
 138  norvel        x...x..x..x..x...x..x...x..x/6                  |1234|1234|1234|1234|1234|1234|12…  0
 139  norvel        x....x....x....x....x...x....x....x...x…        |1234|1234|1234|1234|1234|1234|12…  0
 140  norvel        x..x...xx..x...x..x..x..x..x..x...xx/5          |1234|1234|1234|1234|1234|1234|12…  1
 141  norvel        x...x...x....x...x....xx...x...x/3              |1234|1234|1234|1234|1234|1234|12…  0
 142  norvel        x.....x....x.....x....x.....x....xx....…        |1234|1234|1234|1234|1234|1234|12…  0
 143  norvel        x...x..x..x..x...x..x..xx...x..x/4              |1234|1234|1234|1234|1234|1234|12…  0
 144  norvel        x...x...xx...x...xx...x....x...x...x/2          |1234|1234|1234|1234|1234|1234|12…  1
 145  norvel        x....x...x...x....x...xx...x...x...x...…        |1234|1234|1234|1234|1234|1234|12…  0
 146  norvel        x..x...xx..x..x...x..x...x..x..x/4              |1234|1234|1234|1234|1234|1234|12…  1
 147  norvel        xx..x..x..x..xx..x...x...x..xx..x..x/4          |1234|1234|1234|1234|1234|1234|12…  0
 148  norvel        x....x....xx....xxx.....x....xx.....x..…        |1234|1234|1234|1234|1234|1234|12…  0
 149  norvel        x..xx..x..xx..xxx..x..xx..x..xxx...x/5          |1234|1234|1234|1234|1234|1234|12…  0
 150  norvel        x..xx...x...x..x..x..xx..x..x..x...x/4          |1234|1234|1234|1234|1234|1234|12…  0
 151  norvel        xx..x..xx...x..x..xx...xx..x/4                  |1234|1234|1234|1234|1234|1234|12…  1
 152  norvel        x..x..x..x...xxx...x...x..xx/5                  |1234|1234|1234|1234|1234|1234|12…  1
 153  norvel        x...x....x...x...x...x...x...x....x...x…        |1234|1234|1234|1234|1234|1234|12…  0
 154  norvel        x...x...x..x..xx...xx..x...x/2                  |1234|1234|1234|1234|1234|1234|12…  1
 155  norvel        x...x...x..xx..xx..xx..x..xx..xx...xx..…        |1234|1234|1234|1234|1234|1234|12…  0
 156  norvel        x.....x.....x.....x....xx.....xx.....xx…        |1234|1234|1234|1234|1234|1234|12…  0
 157  norvel        xx...x....xx....xx...x...x...x....xx/2          |1234|1234|1234|1234|1234|1234|12…  0
 158  norvel        x...x...x..x..xx..x..xx..x...x..x..x/4          |1234|1234|1234|1234|1234|1234|12…  0
 159  norvel        x....x...x...x...x...xx...xx...x...x...…        |1234|1234|1234|1234|1234|1234|12…  0
 160  norvel        x...xx...x....x...xx...xx....xxx...x...…        |1234|1234|1234|1234|1234|1234|12…  0
 161  norvel        x...x...x....x...x...xx...x...xx...x...…        |1234|1234|1234|1234|1234|1234|12…  0
 162  norvel        x.....x.....x....xx.....xx....x....xx..…        |1234|1234|1234|1234|1234|1234|12…  0
 163  norvel        x....x...x...x....x...x....x...x....x..…        |1234|1234|1234|1234|1234|1234|12…  0
 164  norvel        xx..x..xx..x..x..x...xx...xxx..x...x..x…        |1234|1234|1234|1234|1234|1234|12…  1
 165  norvel        xx..x..xx...x..xxx...xx..x..x..x...x..x…        |1234|1234|1234|1234|1234|1234|12…  0
 166  norvel        x..x..xx..x..xx...x..x..x..x...x/5              |1234|1234|1234|1234|1234|1234|12…  0
 167  norvel        x...x....xx...xx...x....x....x....xx...…        |1234|1234|1234|1234|1234|1234|12…  0
 168  norvel        x...x....x...x...x...x....x...x...x....…        |1234|1234|1234|1234|1234|1234|12…  0
 169  norvel        xx...x...x...xx...x...xxx....xx...x...x…        |1234|1234|1234|1234|1234|1234|12…  0
 170  norvel        x....x....xx....x....x....x...xx...x/3          |1234|1234|1234|1234|1234|1234|12…  0
 171  norvel        x....x....x.....x....x....x....x....x..…        |1234|1234|1234|1234|1234|1234|12…  0
 172  norvel        xx..x...x..x...x...x...x..xx...xx...x..…        |1234|1234|1234|1234|1234|1234|12…  1
 173  norvel        x..x..x..xx...x..xx..x...x..x..xx..x/6          |1234|1234|1234|1234|1234|1234|12…  0
 174  norvel        x.....x....x....x....x....x....x.....x.…        |1234|1234|1234|1234|1234|1234|12…  1
 175  norvel        x..x..xx..x..x..x..x..xxx...x...x..x/5          |1234|1234|1234|1234|1234|1234|12…  0
 176  norvel        x...x...x...x...xx....x....x....x...xxx…        |1234|1234|1234|1234|1234|1234|12…  0
 177  norvel        xx...x...x...x....x...x...xx...x...x...…        |1234|1234|1234|1234|1234|1234|12…  0
 178  norvel        xxx...x...x...x...xx....x...x....xx...x…        |1234|1234|1234|1234|1234|1234|12…  0
 179  norvel        x.....x.....x.....xxx.....x....x....x..…        |1234|1234|1234|1234|1234|1234|12…  1
 180  norvel        xx...x..xx..xx..x...x..xx..xxx..x..x/4          |1234|1234|1234|1234|1234|1234|12…  1
 181  norvel        x....xxx....x...x....xx...x....x...x...…        |1234|1234|1234|1234|1234|1234|12…  1
 182  norvel        xx...xx...x...xx...x....xx...xxx...x...…        |1234|1234|1234|1234|1234|1234|12…  0
 183  norvel        x...xx...x...x...x....xx...x...x...x...…        |1234|1234|1234|1234|1234|1234|12…  0
 184  norvel        x..x..x..x..x...x..xx..xx..xx..x/5              |1234|1234|1234|1234|1234|1234|12…  0
 185  norvel        xx...xx...x....x....x...x....x...xxx...…        |1234|1234|1234|1234|1234|1234|12…  0
 186  norvel        x...x...x...x...xx....x...xx...x...x...…        |1234|1234|1234|1234|1234|1234|12…  0
 187  norvel        xx...x..x..xx..xxx..x..x..xx/2                  |1234|1234|1234|1234|1234|1234|12…  0
 188  norvel        x..xx..x...x..xx..xx..x...x...xxx..x/4          |1234|1234|1234|1234|1234|1234|12…  1
 189  norvel        x...x..x..x...x..x..x..x...x/2                  |1234|1234|1234|1234|1234|1234|12…  0
 190  norvel        x...x....x...x....xxx...x....x....x...x…        |1234|1234|1234|1234|1234|1234|12…  0
 191  norvel        x....x...x...x....x...x...xx...x...x...…        |1234|1234|1234|1234|1234|1234|12…  0
 192  norvel        x..xx..x..x..x...x...xx...x..x..x..x/4          |1234|1234|1234|1234|1234|1234|12…  1
 193  norvel        x....x...x...x....x...x...x....x...x/2          |1234|1234|1234|1234|1234|1234|12…  0
 194  norvel        x...x...x....x...x....x....x...x/2              |1234|1234|1234|1234|1234|1234|12…  1
 195  norvel        xx....xx....xx....x.....xx.....x....x..…        |1234|1234|1234|1234|1234|1234|12…  0
 196  norvel        xxx...xx..x..xxx..xxx..x...x..x..x..x..…        |1234|1234|1234|1234|1234|1234|12…  0
 197  norvel        x...x...xx...x....x....x....x...xx....x…        |1234|1234|1234|1234|1234|1234|12…  0
 198  norvel        x..xxx...x...x..xx..x..x..xxx...x..xx..…        |1234|1234|1234|1234|1234|1234|12…  0
 199  norvel        x...xx..x..x..x..xxx...x..x..xxx..xxx..…        |1234|1234|1234|1234|1234|1234|12…  1
 200  norvel        x...x...x...xx...x...x...x....x....x...…        |1234|1234|1234|1234|1234|1234|12…  0
 201  norvel        x...x..x..x..xx...xx..x..x..x..x/5              |1234|1234|1234|1234|1234|1234|12…  0
 202  norvel        x....x....x....x....x....x....x....xx..…        |1234|1234|1234|1234|1234|1234|12…  0
 203  norvel        x....x...x....x...x...x....x...x/5              |1234|1234|1234|1234|1234|1234|12…  0
 204  norvel        x..x..xxx...x..x..x...xx..x...xx..xx...…        |1234|1234|1234|1234|1234|1234|12…  1
 205  norvel        x....x....x...x...x...x...x....x/5              |1234|1234|1234|1234|1234|1234|12…  0
 206  norvel        xx....xx....xx...xx...x....x...xxx...x.…        |1234|1234|1234|1234|1234|1234|12…  0
 207  norvel        xx...x..x..x..x..xxx...x..xx...x..x...x…        |1234|1234|1234|1234|1234|1234|12…  1
 208  norvel        x..xx..x..x..xx..x..x..x...x...x/4              |1234|1234|1234|1234|1234|1234|12…  1
 209  norvel        x..x..x..x..x..x...x..x..x...xx..xxx/7          |1234|1234|1234|1234|1234|1234|12…  0
 210  norvel        x...x....x...x....x...x....x...x...x/2          |1234|1234|1234|1234|1234|1234|12…  0
 211  norvel        x..x...x...x..x...x..x...x...x..x..x/8          |1234|1234|1234|1234|1234|1234|12…  0
 212  norvel        x..x..x...x...x..x..x..x..x...xx/4              |1234|1234|1234|1234|1234|1234|12…  1
 213  norvel        x..x...x..x..x..x...x..x..xx..x...xx/4          |1234|1234|1234|1234|1234|1234|12…  0
 214  norvel        x..x...x...xx...x...x...x...x...x..x/6          |1234|1234|1234|1234|1234|1234|12…  0
 215  norvel        x...x...x...xx...x...xx..x..xx..x..x/7          |1234|1234|1234|1234|1234|1234|12…  1
 216  norvel        xxx..x..x..x..x..x..x...x..x..xx/6              |1234|1234|1234|1234|1234|1234|12…  0
 217  norvel        x..x..x..xx...x...xx..x..x...x...xx...x…        |1234|1234|1234|1234|1234|1234|12…  0
 218  norvel        x..x..x...x..x...xxx..x..x..x..xx..x/7          |1234|1234|1234|1234|1234|1234|12…  1
 219  norvel        x...xxx....x...x....x...x...xx....x...x…        |1234|1234|1234|1234|1234|1234|12…  0
 220  norvel        x.....x....xx....x.....x....x....x.....…        |1234|1234|1234|1234|1234|1234|12…  0
 221  norvel        x....x....x....x....x....x....x....x...…        |1234|1234|1234|1234|1234|1234|12…  0
 222  norvel        x..x..x..x..x..x..x..x..x...x..x/4              |1234|1234|1234|1234|1234|1234|12…  0
 223  norvel        xxx...x...xx..xx..xx...x..x..x..x..x..x…        |1234|1234|1234|1234|1234|1234|12…  1
 224  norvel        x..x...x..x..x..x..x..xx...x/4                  |1234|1234|1234|1234|1234|1234|12…  0
 225  norvel        x..xx..x...xx..x..x...xx...x..xx/6              |1234|1234|1234|1234|1234|1234|12…  1
 226  norvel        x...x....x...x...x...xx...x...x...x...x…        |1234|1234|1234|1234|1234|1234|12…  0
 227  norvel        x...x....xxx....x...x...xx....x....x...…        |1234|1234|1234|1234|1234|1234|12…  0
 228  norvel        xx.....x.....x....x....x.....x....x....…        |1234|1234|1234|1234|1234|1234|12…  0
 229  norvel        x..x..x..x..x..xx...xx..x..x/2                  |1234|1234|1234|1234|1234|1234|12…  0
 230  norvel        xx..x...x..x..x..x..xx..x..x..xx/5              |1234|1234|1234|1234|1234|1234|12…  0
 231  norvel        xx...x..x..x..x..x..x...x..x/5                  |1234|1234|1234|1234|1234|1234|12…  0
 232  norvel        xx...xx...xx...xxx...x...x...xx....x/5          |1234|1234|1234|1234|1234|1234|12…  0
 233  norvel        x..x..x...x...x..x..xx..x...x...x..x/7          |1234|1234|1234|1234|1234|1234|12…  0
 234  norvel        x..xx..xx..xx..x...x..xxx..xx..x/4              |1234|1234|1234|1234|1234|1234|12…  1
 235  norvel        x..x..x...x...x..x..xx..x..x/4                  |1234|1234|1234|1234|1234|1234|12…  0
 236  norvel        x..x..x..xx..x...x..xx..x...x..x/6              |1234|1234|1234|1234|1234|1234|12…  0
 237  norvel        x..xx..x..x...x..x...x..x..x/5                  |1234|1234|1234|1234|1234|1234|12…  0
 238  norvel        xx..xx..xxx...x...x...xxx..x..xx/5              |1234|1234|1234|1234|1234|1234|12…  0
 239  norvel        x..xx...x..x..x..xx..x..x..x..x..xxx/4          |1234|1234|1234|1234|1234|1234|12…  1
 240  norvel        xx...xx...xx...x...xx...xx....x...xx/5          |1234|1234|1234|1234|1234|1234|12…  0
 241  norvel        x...x...x...x....xx....xx....xx...x....…        |1234|1234|1234|1234|1234|1234|12…  0
 242  norvel        x..x..x..x..x..x..x...x..x..x..x/4              |1234|1234|1234|1234|1234|1234|12…  1
 243  norvel        xx....x....x....x...xx...x...x...x....x…        |1234|1234|1234|1234|1234|1234|12…  0
 244  norvel        x....x...x....x...x....x...x...x...x/2          |1234|1234|1234|1234|1234|1234|12…  0
 245  norvel        x....x...x...x...x...x...x....x...xx...…        |1234|1234|1234|1234|1234|1234|12…  0
 246  norvel        xx..xx..xx..x..x...x..xx...x...x..xx..x…        |1234|1234|1234|1234|1234|1234|12…  0
 247  norvel        x...x..x..xx..x..x..xx...x..x..x/6              |1234|1234|1234|1234|1234|1234|12…  0
 248  norvel        x....xx...x....xx...xx....x...x...x...x…        |1234|1234|1234|1234|1234|1234|12…  0
 249  norvel        xx...xx..xx..x..x..xx..x...x..x..xx..xx…        |1234|1234|1234|1234|1234|1234|12…  1
 250  norvel        xx..x..x...xx..xx..x...x...xx..x...x/7          |1234|1234|1234|1234|1234|1234|12…  1
 251  norvel        xx....xx...x...xx...x...x....xx...x....…        |1234|1234|1234|1234|1234|1234|12…  0
 252  norvel        x...x...x....x...x...xx...x...x...x...x…        |1234|1234|1234|1234|1234|1234|12…  0
 253  norvel        x....xx....x....x.....x.....x.....xxx..…        |1234|1234|1234|1234|1234|1234|12…  0
 254  norvel        x...xx..xxx...x..x...xx...xx..x...xx/2          |1234|1234|1234|1234|1234|1234|12…  0
 255  norvel        x....x...x....x...x...x....x...x...x/2          |1234|1234|1234|1234|1234|1234|12…  0
 256  norvel        xx..xx..x..x..x..x..xx...xx..xxx/6              |1234|1234|1234|1234|1234|1234|12…  1
 257  norvel        xx...x..x...x..x...x..xx..xx...x/5              |1234|1234|1234|1234|1234|1234|12…  1
 258  norvel        x....x....xx...x...xx....x...x...x...x.…        |1234|1234|1234|1234|1234|1234|12…  0
 259  norvel        x..x...x..x...x..x...x...x..x..x...x/6          |1234|1234|1234|1234|1234|1234|12…  0
 260  norvel        x...x....x...x...x....x...x...x...x....…        |1234|1234|1234|1234|1234|1234|12…  0
 261  norvel        x...x...xx...x...xx....x....xx....x....…        |1234|1234|1234|1234|1234|1234|12…  0
 262  norvel        xx....x....x...x....x....x...x...x....x…        |1234|1234|1234|1234|1234|1234|12…  0
 263  norvel        x..x...x..x...x...x..x..x..x/2                  |1234|1234|1234|1234|1234|1234|12…  1
 264  norvel        xxx...x...x...xx...xxx...x....x...x...x…        |1234|1234|1234|1234|1234|1234|12…  0
 265  norvel        x..xxx...xx..x...xx...xx..x...xx/5              |1234|1234|1234|1234|1234|1234|12…  0
 266  norvel        x..xxx...x..x..xx...xx..x..x/4                  |1234|1234|1234|1234|1234|1234|12…  0
 267  norvel        x....x....x....x....x.....x....xx....xx…        |1234|1234|1234|1234|1234|1234|12…  0
 268  norvel        xx....x....xx.....x....x....xx....xxx..…        |1234|1234|1234|1234|1234|1234|12…  0
 269  norvel        x..x...x..x..xx..x..x..xx..x/2                  |1234|1234|1234|1234|1234|1234|12…  0
 270  norvel        x....x.....x....x.....x....xx....xx....…        |1234|1234|1234|1234|1234|1234|12…  0
 271  norvel        x...xx..x...x..xx..x...xx...x..x/5              |1234|1234|1234|1234|1234|1234|12…  1
 272  norvel        x...x..x..x..x...xx..x..x...x..xx..x/8          |1234|1234|1234|1234|1234|1234|12…  0
 273  norvel        x..x...x..x...x..x..x...x..x/2                  |1234|1234|1234|1234|1234|1234|12…  1
 274  norvel        x..x..xx...xx...x...xx..x..xxx...xxx/6          |1234|1234|1234|1234|1234|1234|12…  0
 275  norvel        x..xxx..x..x...x...xx...xxx...xx..x...x…        |1234|1234|1234|1234|1234|1234|12…  0
 276  norvel        x..x...x..x...x..x...x..x..xx..x/4              |1234|1234|1234|1234|1234|1234|12…  1
 277  norvel        x...x..x..x..x..x..x...x...x/2                  |1234|1234|1234|1234|1234|1234|12…  0
 278  norvel        xx....x....xxx.....x....x....x....x....…        |1234|1234|1234|1234|1234|1234|12…  1
 279  norvel        x..xx..x..xx...xx...xxx...x..x...x..x..…        |1234|1234|1234|1234|1234|1234|12…  1
 280  norvel        xx....x.....x....x....x....xx....x....x…        |1234|1234|1234|1234|1234|1234|12…  0
 281  norvel        x...x..x..x...x..xx..x..x..x...x..xx/8          |1234|1234|1234|1234|1234|1234|12…  0
 282  norvel        x....x.....x.....x.....x....x....x....x…        |1234|1234|1234|1234|1234|1234|12…  0
 283  norvel        x..xx..x...xx...x..x...xx..x..xx...x/6          |1234|1234|1234|1234|1234|1234|12…  0
 284  norvel        xx...x...x....x...x...x...x...xx...x/5          |1234|1234|1234|1234|1234|1234|12…  0
 285  norvel        xxx....x...xx...x...xx...x...xx...x...x…        |1234|1234|1234|1234|1234|1234|12…  0
 286  norvel        x....x...x....x...x....x...x...x/5              |1234|1234|1234|1234|1234|1234|12…  0
 287  norvel        x....x....x.....x....x.....x....x....x.…        |1234|1234|1234|1234|1234|1234|12…  0
 288  norvel        x....x...x...x...x...x....x....x...x...…        |1234|1234|1234|1234|1234|1234|12…  0
 289  norvel        xx..x..xx...x..x..x..xxx..x...xx/4              |1234|1234|1234|1234|1234|1234|12…  1
 290  norvel        x...xx..x..x...xxx..x..xx..xx..x...x/4          |1234|1234|1234|1234|1234|1234|12…  1
 291  norvel        x...x...x...x..x...x..x..x..x...x..x/4          |1234|1234|1234|1234|1234|1234|12…  0
 292  norvel        x...xx...x...x...x...x....xx...x...x/5          |1234|1234|1234|1234|1234|1234|12…  0
 293  norvel        xx...xx..xxx..x...x..x...x...x..x..xx..…        |1234|1234|1234|1234|1234|1234|12…  0
 294  norvel        xx..x...x..x...xx...x...x..x..xx...x/7          |1234|1234|1234|1234|1234|1234|12…  0
 295  norvel        xx...xx...xx....x...x....x...x....xx/5          |1234|1234|1234|1234|1234|1234|12…  0
 296  norvel        x..x..xx...xxx..x..x..x..x..x...x..x/7          |1234|1234|1234|1234|1234|1234|12…  0
 297  norvel        x..x..x..x...x...x..x...x..x...x/7              |1234|1234|1234|1234|1234|1234|12…  0
 298  norvel        x...xxx....x...x....x....xx....x...x/2          |1234|1234|1234|1234|1234|1234|12…  0
 299  norvel        xx....x....xx....x....x.....x....x....x…        |1234|1234|1234|1234|1234|1234|12…  0
 300  norvel        x...x...x....x...x...x...x...x....x...x…        |1234|1234|1234|1234|1234|1234|12…  0
 301  norvel        x...xx...xx....xx....x....x...x....x...…        |1234|1234|1234|1234|1234|1234|12…  0
 302  norvel        xx...x...x....x....xxx...x....x...xxx..…        |1234|1234|1234|1234|1234|1234|12…  0
 303  norvel        x.....x....x....x.....x....x....xx....x…        |1234|1234|1234|1234|1234|1234|12…  0
 304  norvel        xx...x...x...x...x...x...xx....x...x/5          |1234|1234|1234|1234|1234|1234|12…  0
 305  norvel        x..x..x...x..x..xxx..xx..xx...xx..xx/6          |1234|1234|1234|1234|1234|1234|12…  1
 306  norvel        x...xxx..xx...x..x...xx..xx..x..x..x..x…        |1234|1234|1234|1234|1234|1234|12…  0
 307  norvel        x...x..x..x...x...x..x..x..x/6                  |1234|1234|1234|1234|1234|1234|12…  0
 308  norvel        x...x..x..x...x..x..x..x..xx/4                  |1234|1234|1234|1234|1234|1234|12…  1
 309  norvel        x....xx....x....x...x...xx...x....xxx..…        |1234|1234|1234|1234|1234|1234|12…  0
 310  norvel        x....x....x...xx...x...xxx...x...x....x…        |1234|1234|1234|1234|1234|1234|12…  0
 311  norvel        x....xx....x.....x....x.....x....x....x…        |1234|1234|1234|1234|1234|1234|12…  0
 312  norvel        x..xxx..xx..x...x...x...xx...xx...xx..x…        |1234|1234|1234|1234|1234|1234|12…  0
 313  norvel        x...xx....x...xx...x...xxx...x...x....x…        |1234|1234|1234|1234|1234|1234|12…  0
 314  norvel        x...x..x..x..x...x...x..x..x...x/7              |1234|1234|1234|1234|1234|1234|12…  0
 315  norvel        x...x...x...x...x...x...xx....xx...x/3          |1234|1234|1234|1234|1234|1234|12…  0
 316  norvel        x...x...x...x....x...x....x...x....x/2          |1234|1234|1234|1234|1234|1234|12…  0
 317  norvel        x...xx...x...x...x...x..x..xx..x/2              |1234|1234|1234|1234|1234|1234|12…  0
 318  norvel        xx..xx..x...xx..x...x..xx..x...xx..x/7          |1234|1234|1234|1234|1234|1234|12…  0
 319  norvel        x..x...x..x..x..x..x..x..x..x..x/6              |1234|1234|1234|1234|1234|1234|12…  0
 320  norvel        x....x...x...xxx....x...x....x....xx/2          |1234|1234|1234|1234|1234|1234|12…  0
 321  norvel        x..x...xx...xx..x..x..x..x..x..x/4              |1234|1234|1234|1234|1234|1234|12…  0
 322  norvel        x...x...x..x..x..x...x..x...x..x/6              |1234|1234|1234|1234|1234|1234|12…  1
 323  norvel        x....x....x....xx....xx....x....x....x.…        |1234|1234|1234|1234|1234|1234|12…  0
 324  norvel        x..xxx..x..xxx..xx...xxx...x...x/5              |1234|1234|1234|1234|1234|1234|12…  0
 325  norvel        x..xx...x...x..x..xx..x..x..x..xx..x/4          |1234|1234|1234|1234|1234|1234|12…  0
 326  norvel        x...x...x..x..x...x..x..x..x..xx/4              |1234|1234|1234|1234|1234|1234|12…  0
 327  norvel        x....x....x....x.....x....x....x....xx.…        |1234|1234|1234|1234|1234|1234|12…  0
 328  norvel        x....x....x....x...xx...xx...xx...xx/2          |1234|1234|1234|1234|1234|1234|12…  0
 329  norvel        x...x...x...x...x...x...x....x....xx...…        |1234|1234|1234|1234|1234|1234|12…  1
 330  norvel        x...x...x....x....xx....xx...x...xx....…        |1234|1234|1234|1234|1234|1234|12…  0
 331  norvel        x...x...x....x...x...x...x...xx....x...…        |1234|1234|1234|1234|1234|1234|12…  0
 332  norvel        x...xx..x..x..x...x..xx..x..x..x/5              |1234|1234|1234|1234|1234|1234|12…  1
 333  norvel        x...x..x..x...xx...xx..x...x...x/2              |1234|1234|1234|1234|1234|1234|12…  0
 334  norvel        x...x....x...x....x....x...xx...x...x..…        |1234|1234|1234|1234|1234|1234|12…  0
 335  norvel        xx....x...xxx....x...xx....x...x...x/5          |1234|1234|1234|1234|1234|1234|12…  0
 336  norvel        x...x...x...x....x....xx....xx....x...x…        |1234|1234|1234|1234|1234|1234|12…  0
 337  norvel        xx..xx..x...x..x..x..x...x..x...x..x/6          |1234|1234|1234|1234|1234|1234|12…  0
 338  norvel        xxx...x....x....x...x...xx...xx...x...x…        |1234|1234|1234|1234|1234|1234|12…  0
 339  norvel        x..x...x..xx..x..x...x..x...xx..x..x/5          |1234|1234|1234|1234|1234|1234|12…  0
 340  norvel        x...xx...xxx...x...xx...x....x....x....…        |1234|1234|1234|1234|1234|1234|12…  0
 341  norvel        xxx..xx..x..x..xx..xx...x..x..xx/6              |1234|1234|1234|1234|1234|1234|12…  0
 342  norvel        x....x...x...x...xx...xx....x....x....x…        |1234|1234|1234|1234|1234|1234|12…  0
 343  norvel        x..x...x...x..x...x...x..x..x...x..x/8          |1234|1234|1234|1234|1234|1234|12…  0
 344  norvel        x...x...x..x..x..x...x..x..x...x...x/7          |1234|1234|1234|1234|1234|1234|12…  0
 345  norvel        x.....x....x....x....xx....xx....x....x…        |1234|1234|1234|1234|1234|1234|12…  0
 346  norvel        x...x...x...xx...x...x...xx...xx...x...…        |1234|1234|1234|1234|1234|1234|12…  0
 347  norvel        x..x...xx...x..x..x..xx..x..x..x/4              |1234|1234|1234|1234|1234|1234|12…  0
 348  norvel        x...x...x....x...x...x...x....x....x/2          |1234|1234|1234|1234|1234|1234|12…  0
 349  norvel        x....x...xx...xx...x....x...xx....xx...…        |1234|1234|1234|1234|1234|1234|12…  0
 350  norvel        xx....x....xx....x....x....x....x....x.…        |1234|1234|1234|1234|1234|1234|12…  0
 351  norvel        x..x..x..xx..x...xx..xx..x..x..x/7              |1234|1234|1234|1234|1234|1234|12…  0
 352  norvel        x..xx...x...x..x..x..xx..x..x..x...x/5          |1234|1234|1234|1234|1234|1234|12…  1
 353  norvel        x...x....x...x...x....x...x....x...x...…        |1234|1234|1234|1234|1234|1234|12…  0
 354  norvel        x...xx...xx...x....x...x...x...x/3              |1234|1234|1234|1234|1234|1234|12…  0
 355  norvel        x...x...x..x...xxx...x..x...x...x..x/7          |1234|1234|1234|1234|1234|1234|12…  0
 356  norvel        x....xx....x...x...x...x....x....x...xx…        |1234|1234|1234|1234|1234|1234|12…  0
 357  norvel        x...x..x...x...x..x..x..x..x/2                  |1234|1234|1234|1234|1234|1234|12…  0
 358  norvel        x.....x....x....x....x....x.....x....x.…        |1234|1234|1234|1234|1234|1234|12…  0
 359  norvel        x..xxx..x...x..x..xx...x..xxx..x/4              |1234|1234|1234|1234|1234|1234|12…  1
 360  norvel        x...xx....x...x....x...x....x...x...xx.…        |1234|1234|1234|1234|1234|1234|12…  0
 361  norvel        x....x....x...x....x....x....xxx...x...…        |1234|1234|1234|1234|1234|1234|12…  0
 362  norvel        xx....x...x...x...x...x....x...x...x...…        |1234|1234|1234|1234|1234|1234|12…  0
 363  norvel        xx..x...x..x...xx...x...x..x...x/2              |1234|1234|1234|1234|1234|1234|12…  0
 364  norvel        x...x...xx...x...x....xx...xxx....x...x…        |1234|1234|1234|1234|1234|1234|12…  0
 365  norvel        xx...x..xx..x..x...x..x..x...x..x..x/8          |1234|1234|1234|1234|1234|1234|12…  0
 366  norvel        xx....xx....x....x....xx.....x.....xxx.…        |1234|1234|1234|1234|1234|1234|12…  0
 367  norvel        x....x...xx...x....x...x...x....x...xx.…        |1234|1234|1234|1234|1234|1234|12…  0
 368  norvel        x...x..x...xx..x..x...x..x..x..x...x/8          |1234|1234|1234|1234|1234|1234|12…  0
 369  norvel        x...x....x....x...x...x...x...x...xx/5          |1234|1234|1234|1234|1234|1234|12…  0
 370  norvel        xx...xx...x...x...x...x...xxx....x...xx…        |1234|1234|1234|1234|1234|1234|12…  0
 371  norvel        x...x...x....x....x...x...x....x...x...…        |1234|1234|1234|1234|1234|1234|12…  0
 372  norvel        x..xx...x..x..x..x..x..xx..xx..xx..x/7          |1234|1234|1234|1234|1234|1234|12…  0
 373  norvel        x...x..xx..xx..x..xx..xxx..x..xxx..x/5          |1234|1234|1234|1234|1234|1234|12…  0
 374  norvel        x..x..x..x...xx..x..x...x..x/4                  |1234|1234|1234|1234|1234|1234|12…  0
 375  norvel        xx....x.....xx.....xx....x....xxx....x.…        |1234|1234|1234|1234|1234|1234|12…  0
 376  norvel        x..xx..x...x..x..xx...xx...x...x...x/7          |1234|1234|1234|1234|1234|1234|12…  1
 377  norvel        x..x..x...xx...x...x..x...x..xxx...x/6          |1234|1234|1234|1234|1234|1234|12…  1
 378  norvel        xx...xx..x...x..x..xx...xxx...xx..xx/2          |1234|1234|1234|1234|1234|1234|12…  0
 379  norvel        x....xxx....xx...x...x...xx...x...x...x…        |1234|1234|1234|1234|1234|1234|12…  0
 380  norvel        x..xxx..xx..x..x...x..xx..xx..xx..xx/6          |1234|1234|1234|1234|1234|1234|12…  1
 381  norvel        xx....xxx....xx....xx...xx...x....x....…        |1234|1234|1234|1234|1234|1234|12…  0
 382  norvel        x.....x....x....x....x.....x....x....x.…        |1234|1234|1234|1234|1234|1234|12…  0
 383  norvel        xx....x...x....xx...x...x...x....xx...x…        |1234|1234|1234|1234|1234|1234|12…  0
 384  norvel        xx...x...x...xx...x...xx...xx...xx....x…        |1234|1234|1234|1234|1234|1234|12…  0
 385  norvel        xx..x..x..x..x..x..x...x..xx/2                  |1234|1234|1234|1234|1234|1234|12…  0
 386  norvel        x..x..x..x..x..x...x...x..xx/4                  |1234|1234|1234|1234|1234|1234|12…  1
 387  norvel        xx...xxx..x..x..x..x...x..xx..xxx..x/5          |1234|1234|1234|1234|1234|1234|12…  0
 388  norvel        x...x....x...x....x....x...x...xx....x.…        |1234|1234|1234|1234|1234|1234|12…  0
 389  norvel        x.....x....x.....x....x....x.....xx....…        |1234|1234|1234|1234|1234|1234|12…  0
 390  norvel        x..x..x..xx..xx..x...x..x..x/2                  |1234|1234|1234|1234|1234|1234|12…  0
 391  norvel        x..x...x..x..x...x...x..x..x/2                  |1234|1234|1234|1234|1234|1234|12…  1
 392  norvel        x..xx..x...x...x...x..x...xx/2                  |1234|1234|1234|1234|1234|1234|12…  1
 393  norvel        x..x..x..x..x..x...x..xxx..x/5                  |1234|1234|1234|1234|1234|1234|12…  0
 394  norvel        x.....x....x....x....x....x.....x....x.…        |1234|1234|1234|1234|1234|1234|12…  0
 395  norvel        x...x...x...x....x....x...x....x...x...…        |1234|1234|1234|1234|1234|1234|12…  0
 396  norvel        x...x...xx...x....x...x...x...x...x....…        |1234|1234|1234|1234|1234|1234|12…  0
 397  norvel        x....xx...xxx...x....x...x....x....x...…        |1234|1234|1234|1234|1234|1234|12…  0
 398  norvel        x...x...xx...x...x...x...x...x....x...x…        |1234|1234|1234|1234|1234|1234|12…  0
 399  norvel        x..x..xx..xxx...x..x..xx..xxx...x..x/4          |1234|1234|1234|1234|1234|1234|12…  1
 400  norvel        xx..xx..xx..x..x..x...x..xx...xx..xx/6          |1234|1234|1234|1234|1234|1234|12…  1
 401  norvel        x....xx.....x.....xx.....xx....xx....xx…        |1234|1234|1234|1234|1234|1234|12…  0
 402  norvel        xx..x..x..x..x..x...x..xx...xx..x..x/6          |1234|1234|1234|1234|1234|1234|12…  1
 403  norvel        x..x...x...x..x...x...x..x..x..x/6              |1234|1234|1234|1234|1234|1234|12…  0
 404  norvel        x....x....x....x....x.....x....x....x..…        |1234|1234|1234|1234|1234|1234|12…  0
 405  norvel        x....xx....xxx....x.....x....xx....x...…        |1234|1234|1234|1234|1234|1234|12…  0
 406  norvel        x..x..x..xx...x...x...x..x..x..x/7              |1234|1234|1234|1234|1234|1234|12…  0
 407  norvel        x....xx...x...xx....xxx....x....x...x..…        |1234|1234|1234|1234|1234|1234|12…  0
 408  norvel        x...x..xx..x..x...xxx...xxx..x...xxx/5          |1234|1234|1234|1234|1234|1234|12…  1
 409  norvel        x..x..x..x..x...x..x..x..x..x..x/4              |1234|1234|1234|1234|1234|1234|12…  0
 410  norvel        x...x...x...x....x...xx...xx...x...x...…        |1234|1234|1234|1234|1234|1234|12…  0
 411  norvel        x....x...x....x...xx...x...x...x...x...…        |1234|1234|1234|1234|1234|1234|12…  0
 412  norvel        xxx..x...x...x..x...x..xxx...xxx/5              |1234|1234|1234|1234|1234|1234|12…  1
 413  norvel        x....xx....x....x.....x.....x....x....x…        |1234|1234|1234|1234|1234|1234|12…  0
 414  norvel        x....x...x...x....x...x....x...x...x...…        |1234|1234|1234|1234|1234|1234|12…  0
 415  norvel        x..x..x..x..x...xx..x..xxx..x..x/7              |1234|1234|1234|1234|1234|1234|12…  0
 416  norvel        x..xx...x...xx..x..x..x..x..x..x..xx/4          |1234|1234|1234|1234|1234|1234|12…  1
 417  norvel        x...xx..xx...x..x..x..x..x..x..x/6              |1234|1234|1234|1234|1234|1234|12…  0
 418  norvel        x...x....x...xx....x....x...x...x....x.…        |1234|1234|1234|1234|1234|1234|12…  0
 419  norvel        xx...x..x..x..x..xx..x...xx..x..x..x/4          |1234|1234|1234|1234|1234|1234|12…  0
 420  norvel        x...xx...x...x...x....xxx....xx...xx/3          |1234|1234|1234|1234|1234|1234|12…  0
 421  norvel        x...x...x...x...x....x...x...xx...xx...…        |1234|1234|1234|1234|1234|1234|12…  0
 422  norvel        x...x...x....x...x....x....x...x...x/2          |1234|1234|1234|1234|1234|1234|12…  0
 423  norvel        x...x...xx...x...xx...x...x...x....x...…        |1234|1234|1234|1234|1234|1234|12…  0
 424  norvel        x...x..x..x..x...x...x..x...x...x..x/4          |1234|1234|1234|1234|1234|1234|12…  1
 425  norvel        x..x...x...xx...x..x...x...xxx..x..x...…        |1234|1234|1234|1234|1234|1234|12…  1
 426  norvel        x....x.....x.....x....x....x....x....x.…        |1234|1234|1234|1234|1234|1234|12…  0
 427  norvel        x..xx..x..x..x...x..x..xx..x/2                  |1234|1234|1234|1234|1234|1234|12…  0
 428  norvel        x..x...x..x..x...x...x..x..x...x...x/6          |1234|1234|1234|1234|1234|1234|12…  0
 429  norvel        x...xxx..x..x..x...x..x..x..x..xx..x/4          |1234|1234|1234|1234|1234|1234|12…  0
 430  norvel        x..xx...x..xx..x..x..x..x..x/4                  |1234|1234|1234|1234|1234|1234|12…  0
 431  norvel        xx....xx...x....xx...x....x...xxx...x..…        |1234|1234|1234|1234|1234|1234|12…  0
 432  norvel        xx....x....x....x...xx....x...x....x/3          |1234|1234|1234|1234|1234|1234|12…  0
 433  norvel        x...x...x..x...x..x..x..x..x/2                  |1234|1234|1234|1234|1234|1234|12…  1
 434  norvel        xx....xxx.....x....x.....x....x....xx..…        |1234|1234|1234|1234|1234|1234|12…  0
 435  norvel        x...x...x...x....x....x...xx...x...x...…        |1234|1234|1234|1234|1234|1234|12…  0
 436  norvel        x....xx...x...x....xx....xx...xx...xx..…        |1234|1234|1234|1234|1234|1234|12…  0
 437  norvel        x..x...x..x..x..x...x..x...x/6                  |1234|1234|1234|1234|1234|1234|12…  0
 438  norvel        xx..x..xxx..x..xx..xx..xx..x...x/2              |1234|1234|1234|1234|1234|1234|12…  0
 439  norvel        x...xx...xx...x..x..x...x...x..x...x/5          |1234|1234|1234|1234|1234|1234|12…  1
 440  norvel        xx...xx...x...x..x..x..xx..xx..xx..x/4          |1234|1234|1234|1234|1234|1234|12…  0
 441  norvel        x..x...x..xx...xx..x...xx..x...x/5              |1234|1234|1234|1234|1234|1234|12…  1
 442  norvel        x....x....x....x...x....x....x....x....…        |1234|1234|1234|1234|1234|1234|12…  0
 443  norvel        x..x..x..x..xx...x..x...x..x/4                  |1234|1234|1234|1234|1234|1234|12…  0
 444  norvel        x....x....xxx...xx...xx...x...x....x/2          |1234|1234|1234|1234|1234|1234|12…  0
 445  norvel        x...xx...xx...x...x....xx...x...x...xxx…        |1234|1234|1234|1234|1234|1234|12…  0
 446  norvel        x....x...x...x...x...x...xx...xx...x/5          |1234|1234|1234|1234|1234|1234|12…  0
 447  norvel        xx....xx....xx...x....x...x....x...xx..…        |1234|1234|1234|1234|1234|1234|12…  0
 448  norvel        x...x...xx...xx....x...x....x...xx....x…        |1234|1234|1234|1234|1234|1234|12…  0
 449  norvel        xxx...xx...x...x...x...xx...xx....xx/3          |1234|1234|1234|1234|1234|1234|12…  1
 450  norvel        x...x...x...x...x...x...x...xx....xx/3          |1234|1234|1234|1234|1234|1234|12…  0
 451  norvel        x...xx...xx...x...xx...x...x...xx...x..…        |1234|1234|1234|1234|1234|1234|12…  0
 452  norvel        xx..x..xx...x..x...x..xx..xx...x/2              |1234|1234|1234|1234|1234|1234|12…  1
 453  norvel        x....x...x...x....x...x....x...x...x/6          |1234|1234|1234|1234|1234|1234|12…  0
 454  norvel        x..x..x...x...x...x..x...x..x..xx..x/7          |1234|1234|1234|1234|1234|1234|12…  0
 455  norvel        x...x....xx....x...x...x....xx....xx...…        |1234|1234|1234|1234|1234|1234|12…  0
 456  norvel        x..x..x...x..x..x..x..x..x..x..x/7              |1234|1234|1234|1234|1234|1234|12…  0
 457  norvel        xx..x...x..xx..xx..x..xx..xxx..x..xx/4          |1234|1234|1234|1234|1234|1234|12…  1
 458  norvel        x..x..x..x..xx...x..x..xx...x..xx..x/5          |1234|1234|1234|1234|1234|1234|12…  0
 459  norvel        x...x....x...x...x...x....x...x...x...x…        |1234|1234|1234|1234|1234|1234|12…  0
 460  norvel        x..x..xx...x..xx...xx..x...xx..x/2              |1234|1234|1234|1234|1234|1234|12…  1
 461  norvel        x....xx...xx...x....x....x...xx...x...x…        |1234|1234|1234|1234|1234|1234|12…  0
 462  norvel        xx...x....x...xx....x...xx....x...xx...…        |1234|1234|1234|1234|1234|1234|12…  0
 463  norvel        x..xx..x...x..xx..x...x..x..x..x/4              |1234|1234|1234|1234|1234|1234|12…  0
 464  norvel        x...x...x...x...x....xx...x...x....x...…        |1234|1234|1234|1234|1234|1234|12…  0
 465  norvel        x...x..x...x..x...x..x..x..x...x/7              |1234|1234|1234|1234|1234|1234|12…  0
 466  norvel        x...xx...x...x...x....x...x....xx....x.…        |1234|1234|1234|1234|1234|1234|12…  0
 467  norvel        x...x....x...x...x...x....x...x....x...…        |1234|1234|1234|1234|1234|1234|12…  0
 468  norvel        x....x....x....x....x...x...xx...x...xx…        |1234|1234|1234|1234|1234|1234|12…  0
 469  norvel        x...xx...x...x...xx...xx...x...x....xxx…        |1234|1234|1234|1234|1234|1234|12…  0
 470  norvel        x...x....x....xx...xx....xx...x...x...x…        |1234|1234|1234|1234|1234|1234|12…  0
 471  norvel        x..xx..x...x...x...xx...x..x/5                  |1234|1234|1234|1234|1234|1234|12…  1
 472  norvel        x....x....xx....x....xx....x....x....x.…        |1234|1234|1234|1234|1234|1234|12…  0
 473  norvel        x...x....x...x...x...xx....x...xx....x.…        |1234|1234|1234|1234|1234|1234|12…  0
 474  norvel        x..xx..x..x...xx..x..xxx..x..xxx/4              |1234|1234|1234|1234|1234|1234|12…  0
 475  norvel        x..xx..xxx...xx...xxx..x...x...x/5              |1234|1234|1234|1234|1234|1234|12…  0

per-name tally this round
name             presented correct  hit-rate
norvel                 476      94     19.7%
