Centaur Zendo round 5 (training)
round_id : af3f926049774c939820fc72dd92a001
written  : 2026-09-04 22:23:39Z
presented=510  answered=510  correct=194  skipped=0
client answer latency: mean 0.118 ms  median 0.113 ms  max 1.030 ms  (n=511)

 idx  name          clue                                      answer                                    score
------------------------------------------------------------------------------------------------------------
   0  norvel        x..x...x..x..x..x...x...x...x...x..x/4          |1234|1234|1234|1234|1234|1234|12…  0
   1  norvel        x..x..xx...x..x..x..xx..x..x...x..xx/5          |1234|1234|1234|1234|1234|1234|12…  0
   2  norvel        xx....x....x.....x....x.....x....x.....…        |1234|1234|1234|1234|1234|1234|12…  1
   3  norvel        xx...xx....x...xx....x...xx....x....x..…        |1234|1234|1234|1234|1234|1234|12…  0
   4  norvel        xx..x...x...x..x..x..x..x...x..x/7              |1234|1234|1234|1234|1234|1234|12…  0
   5  norvel        xxx...x..x..xx..xx..xx..x..x..xx...x/5          |1234|1234|1234|1234|1234|1234|12…  1
   6  norvel        xx...x..xx..xx..xx..x...x..x..xx..xxx..…        |1234|1234|1234|1234|1234|1234|12…  1
   7  norvel        xxx...xx...x...xx...xx...x...x....x...x…        |1234|1234|1234|1234|1234|1234|12…  0
   8  norvel        x...x....x....x....xx....xx...x...xx/5          |1234|1234|1234|1234|1234|1234|12…  0
   9  norvel        x....x...x...x....x...x...xxx...x...xx.…        |1234|1234|1234|1234|1234|1234|12…  1
  10  norvel        x..x..x...x..x...x..xx..x..x..xxx..x/5          |1234|1234|1234|1234|1234|1234|12…  0
  11  norvel        xx..xx...x..xx..xxx..x..x..xx..x/5              |1234|1234|1234|1234|1234|1234|12…  0
  12  norvel        xx...x...x....x....x...x....x...x...x..…        |1234|1234|1234|1234|1234|1234|12…  0
  13  norvel        xx...x..x..x...xxx..x..x...xx..x...x/6          |1234|1234|1234|1234|1234|1234|12…  1
  14  norvel        x.....x.....x.....xx....xx....x.....x..…        |1234|1234|1234|1234|1234|1234|12…  1
  15  norvel        x....xx....x...x....x...xx...x...x...xx…        |1234|1234|1234|1234|1234|1234|12…  0
  16  norvel        x...x...x...x....x...xx....x....xxx....…        |1234|1234|1234|1234|1234|1234|12…  0
  17  norvel        x..x..xx..xx..x..x..x..x...x...xx..x/4          |1234|1234|1234|1234|1234|1234|12…  1
  18  norvel        x...x..x..x..x..x...x...x...x..x/6              |1234|1234|1234|1234|1234|1234|12…  0
  19  norvel        x...xx..x..x..xx..x..x..x..x..xx/4              |1234|1234|1234|1234|1234|1234|12…  1
  20  norvel        xx..x..x...x..xxx...x...x...xx..x...x..…        |1234|1234|1234|1234|1234|1234|12…  1
  21  norvel        x..x...x..xx...x..x...x..xxx/2                  |1234|1234|1234|1234|1234|1234|12…  1
  22  norvel        x...x..x..xx..xx...x...x...x/5                  |1234|1234|1234|1234|1234|1234|12…  1
  23  norvel        x...x....x...x...x....x...x...x....x...…        |1234|1234|1234|1234|1234|1234|12…  0
  24  norvel        xx....x....x....x....xx....x.....xx....…        |1234|1234|1234|1234|1234|1234|12…  0
  25  norvel        x..xx...x...x..x...x..xx..xx/5                  |1234|1234|1234|1234|1234|1234|12…  1
  26  norvel        x....x...x....x...x...x....x...x/2              |1234|1234|1234|1234|1234|1234|12…  0
  27  norvel        xx.....xx....xx....xx....x.....x....x..…        |1234|1234|1234|1234|1234|1234|12…  1
  28  norvel        x...x...x...x...x....x...x...x....x...x…        |1234|1234|1234|1234|1234|1234|12…  0
  29  norvel        x....xx....x....xx...x...x...xx...x....…        |1234|1234|1234|1234|1234|1234|12…  0
  30  norvel        xx..x..xx..x...x...x..xxx..xx..xxx..x..…        |1234|1234|1234|1234|1234|1234|12…  1
  31  norvel        x...xx...xx....xx....x...x...x....xxx..…        |1234|1234|1234|1234|1234|1234|12…  0
  32  norvel        x...x..x..x..x..x...x...x...x..x...x/4          |1234|1234|1234|1234|1234|1234|12…  0
  33  norvel        x...x....xx....xx...x....x....x...x...x…        |1234|1234|1234|1234|1234|1234|12…  0
  34  norvel        xx...xx...xx...x....x....x...x....x...x…        |1234|1234|1234|1234|1234|1234|12…  0
  35  norvel        xxx....x....x....xx.....xx....x....xxx.…        |1234|1234|1234|1234|1234|1234|12…  1
  36  norvel        x....x....x....x....x.....x....x....x..…        |1234|1234|1234|1234|1234|1234|12…  0
  37  norvel        x...xx...x...x...x...x....xx...x...x/5          |1234|1234|1234|1234|1234|1234|12…  0
  38  norvel        x...x....xx....x....x...x...xx...xx....…        |1234|1234|1234|1234|1234|1234|12…  0
  39  norvel        x..x..x..xx..xx..xx...xxx..x..xx...xx..…        |1234|1234|1234|1234|1234|1234|12…  1
  40  norvel        x.....x....x....xx....xx.....x....xx...…        |1234|1234|1234|1234|1234|1234|12…  0
  41  norvel        xx...x...x..xx...x..xx..x...x..x/2              |1234|1234|1234|1234|1234|1234|12…  0
  42  norvel        xx....xx...x...x....x...x....x....x...x…        |1234|1234|1234|1234|1234|1234|12…  0
  43  norvel        x....x....x....x....x.....x.....x....x.…        |1234|1234|1234|1234|1234|1234|12…  0
  44  norvel        x...xx....xx....xx....x...x...x...x...x…        |1234|1234|1234|1234|1234|1234|12…  0
  45  norvel        x....xx....x...x...x....xx....x...x...x…        |1234|1234|1234|1234|1234|1234|12…  0
  46  norvel        xx...x...x...x....x...x...x...xx...x/2          |1234|1234|1234|1234|1234|1234|12…  0
  47  norvel        x...x...x...x...xx....x...x...x...xx/2          |1234|1234|1234|1234|1234|1234|12…  0
  48  norvel        x..x..x...x...x..x..x...x..x/4                  |1234|1234|1234|1234|1234|1234|12…  1
  49  norvel        x....x....x....x.....x....x.....x....x.…        |1234|1234|1234|1234|1234|1234|12…  0
  50  norvel        x...x....x...x...xxx....x....x....x....…        |1234|1234|1234|1234|1234|1234|12…  0
  51  norvel        x...x...x....xxx....x....x...xx....x...…        |1234|1234|1234|1234|1234|1234|12…  0
  52  norvel        x..xx..x...x..x...x...xx...x..xx/5              |1234|1234|1234|1234|1234|1234|12…  1
  53  norvel        x....x....x....x.....x....x.....x....x.…        |1234|1234|1234|1234|1234|1234|12…  0
  54  norvel        x...x...xxx...x....x...x...xxx...x...xx…        |1234|1234|1234|1234|1234|1234|12…  0
  55  norvel        xx..x..xx...xx...xx..x..x..x/4                  |1234|1234|1234|1234|1234|1234|12…  0
  56  norvel        x..x..x...x..x...x...x..x..x/2                  |1234|1234|1234|1234|1234|1234|12…  1
  57  norvel        x....x...x...x...xx....x...x...xx...xx.…        |1234|1234|1234|1234|1234|1234|12…  1
  58  norvel        xx...x...x...x...x...x...xx...x...x....…        |1234|1234|1234|1234|1234|1234|12…  0
  59  norvel        x....x...x...x....xx....xx...x....x....…        |1234|1234|1234|1234|1234|1234|12…  0
  60  norvel        x...x...xx..x..xx...xx...x..x..x/2              |1234|1234|1234|1234|1234|1234|12…  1
  61  norvel        x..x..x...x...x..xx..x..xxx..x..x..x/7          |1234|1234|1234|1234|1234|1234|12…  1
  62  norvel        x..x..x..x...x...x..x..x...x...x/7              |1234|1234|1234|1234|1234|1234|12…  0
  63  norvel        x..x...x...x...x...x..x..x..x...x..x/6          |1234|1234|1234|1234|1234|1234|12…  1
  64  norvel        xx..x..x...x..xx..x..x..x..x/2                  |1234|1234|1234|1234|1234|1234|12…  1
  65  norvel        x....x....x...xx....xx...x...x....xx...…        |1234|1234|1234|1234|1234|1234|12…  0
  66  norvel        xx...x....x...x...x...x...x...xx/5              |1234|1234|1234|1234|1234|1234|12…  0
  67  norvel        xx...xx....x....xxx...xxx...x....xx...x…        |1234|1234|1234|1234|1234|1234|12…  0
  68  norvel        xx...x...x...xx...x...x....x...x/3              |1234|1234|1234|1234|1234|1234|12…  1
  69  norvel        x..x...x...x...x..xxx..xx...xx...xx...x…        |1234|1234|1234|1234|1234|1234|12…  1
  70  norvel        xx..xx...x...x...xx..x...x..x..x/5              |1234|1234|1234|1234|1234|1234|12…  0
  71  norvel        x...x..x...x...xx..x..xx...x/2                  |1234|1234|1234|1234|1234|1234|12…  1
  72  norvel        x..x...x..x...x..xx...xx..xx/5                  |1234|1234|1234|1234|1234|1234|12…  1
  73  norvel        x..x...x..x..x...x..xx..x...x..x/4              |1234|1234|1234|1234|1234|1234|12…  1
  74  norvel        x...x....x....x...xx...x...x...x/3              |1234|1234|1234|1234|1234|1234|12…  0
  75  norvel        x...x..xx..xx..x..xx..xxx..x..xx..xx...…        |1234|1234|1234|1234|1234|1234|12…  1
  76  norvel        x...xxx...xx..xx..x...x..x...x...x..x..…        |1234|1234|1234|1234|1234|1234|12…  0
  77  norvel        x..x..x..x...xx...x..x..x..x...x/5              |1234|1234|1234|1234|1234|1234|12…  1
  78  norvel        x...x..x..xx..x...x...x..x..x..x/7              |1234|1234|1234|1234|1234|1234|12…  0
  79  norvel        x..xx..x..x...x..x..x..x..x...x...xx/8          |1234|1234|1234|1234|1234|1234|12…  0
  80  norvel        xx..x..x..x..xxx..x..x...x..x..x/6              |1234|1234|1234|1234|1234|1234|12…  1
  81  norvel        xx....x...x....x...x....x....x...xx...x…        |1234|1234|1234|1234|1234|1234|12…  0
  82  norvel        x....x...x...x....x...xx...xx....x...x.…        |1234|1234|1234|1234|1234|1234|12…  0
  83  norvel        xx..xx..x...x..x..xxx..x...x/4                  |1234|1234|1234|1234|1234|1234|12…  1
  84  norvel        x...x..x..x..x...x..x...x..x/2                  |1234|1234|1234|1234|1234|1234|12…  1
  85  norvel        x...x..x..x..x...x...x..x..x...x/7              |1234|1234|1234|1234|1234|1234|12…  0
  86  norvel        x....x.....x....x....xx....x....x....xx…        |1234|1234|1234|1234|1234|1234|12…  0
  87  norvel        xx...x...x...xx...xx...xx...x...x....xx…        |1234|1234|1234|1234|1234|1234|12…  0
  88  norvel        x....x....x.....x....x....x....x.....x.…        |1234|1234|1234|1234|1234|1234|12…  1
  89  norvel        x...x...xx...x....x...x...x...xx...x...…        |1234|1234|1234|1234|1234|1234|12…  0
  90  norvel        x....xx.....xx....x.....x.....x.....x..…        |1234|1234|1234|1234|1234|1234|12…  0
  91  norvel        x...x..x...x...x..x..x..x...x..x...x/4          |1234|1234|1234|1234|1234|1234|12…  1
  92  norvel        x..xx..xx..xx...x..xx..x...x..x..xxx/4          |1234|1234|1234|1234|1234|1234|12…  1
  93  norvel        xxx....x....x...x....xxx...x....xx...x.…        |1234|1234|1234|1234|1234|1234|12…  0
  94  norvel        x....xx....x....x....x....x....x.....x.…        |1234|1234|1234|1234|1234|1234|12…  0
  95  norvel        x..x...x..x...x..x..xx...x..x..x...x/5          |1234|1234|1234|1234|1234|1234|12…  0
  96  norvel        x...x...x...xx...x...xx....x...xxx...xx…        |1234|1234|1234|1234|1234|1234|12…  0
  97  norvel        x..xx..x...xx...xx..x...x..xx..xx..x/4          |1234|1234|1234|1234|1234|1234|12…  1
  98  norvel        x...xx...x...x...xx...x...x...x...x....…        |1234|1234|1234|1234|1234|1234|12…  0
  99  norvel        x...x....xx...xx...x...xx...xxx...xx...…        |1234|1234|1234|1234|1234|1234|12…  0
 100  norvel        x...xx..x..x..x..x..x...xx..x..x...x/4          |1234|1234|1234|1234|1234|1234|12…  1
 101  norvel        x..x..x..x..x..x...x..xx..xx/2                  |1234|1234|1234|1234|1234|1234|12…  1
 102  norvel        x..x..xx...xx..x...x..xx..x..x..x..x/7          |1234|1234|1234|1234|1234|1234|12…  1
 103  norvel        x...x....x...x...x...x....x...x...x...x…        |1234|1234|1234|1234|1234|1234|12…  0
 104  norvel        x..xxx..x..x...x..x..x...x..x..x/6              |1234|1234|1234|1234|1234|1234|12…  1
 105  norvel        x..xxx..x...x...x...xx..x..x..xx/2              |1234|1234|1234|1234|1234|1234|12…  1
 106  norvel        x..xx...x..xx..x..xxx...x...xxx...xx/5          |1234|1234|1234|1234|1234|1234|12…  1
 107  norvel        xx..x..x..x..x...x..x...xx..x..x..xx/7          |1234|1234|1234|1234|1234|1234|12…  0
 108  norvel        x...x...xxx..x..xx..xxx...xxx..x/5              |1234|1234|1234|1234|1234|1234|12…  1
 109  norvel        xx...x..x..xx...x..x..xx..xxx..x/5              |1234|1234|1234|1234|1234|1234|12…  1
 110  norvel        xx...x...x....x....x...xx...x...x...xx.…        |1234|1234|1234|1234|1234|1234|12…  1
 111  norvel        xx...xx...x...x....x...x...x...x...x/6          |1234|1234|1234|1234|1234|1234|12…  0
 112  norvel        x...x...x...xx...x....xx...x...x...x...…        |1234|1234|1234|1234|1234|1234|12…  0
 113  norvel        x...xx...x...x..xx..x...xx...x..x..x..x…        |1234|1234|1234|1234|1234|1234|12…  1
 114  norvel        x....x....x...x...x....x...x...x/5              |1234|1234|1234|1234|1234|1234|12…  0
 115  norvel        x....x....x....xxx....x....x.....x....x…        |1234|1234|1234|1234|1234|1234|12…  1
 116  norvel        x...x...xx...x....xx....xx...x...x...x.…        |1234|1234|1234|1234|1234|1234|12…  0
 117  norvel        x....xx....x....x...xx...x...x...xx...x…        |1234|1234|1234|1234|1234|1234|12…  0
 118  norvel        x..x..x...xx..x..x..x..x..x...x...xx/6          |1234|1234|1234|1234|1234|1234|12…  0
 119  norvel        x..xx...x...xx...xx..x..x..x...x..xx...…        |1234|1234|1234|1234|1234|1234|12…  0
 120  norvel        x..x...xx..x..xxx..x...xxx...x...xxx/5          |1234|1234|1234|1234|1234|1234|12…  1
 121  norvel        x....x...x....x...x....x...x...x...x/2          |1234|1234|1234|1234|1234|1234|12…  0
 122  norvel        x...x....x...x....x...x....x....x....x.…        |1234|1234|1234|1234|1234|1234|12…  0
 123  norvel        x....x...x....x....xx...x....x...xxx...…        |1234|1234|1234|1234|1234|1234|12…  0
 124  norvel        xx..x...x...x...x...xx..x...x..x..xx/7          |1234|1234|1234|1234|1234|1234|12…  1
 125  norvel        xxx....xx....x...x....xx...xx...x...x..…        |1234|1234|1234|1234|1234|1234|12…  0
 126  norvel        x..x...xxx...x...x..x..xx..x/2                  |1234|1234|1234|1234|1234|1234|12…  1
 127  norvel        x.....x....x....x.....x....x....x....x.…        |1234|1234|1234|1234|1234|1234|12…  0
 128  norvel        x....x....x....x....x....x....x...x....…        |1234|1234|1234|1234|1234|1234|12…  1
 129  norvel        x..x...x...x..xx..xxx...x..xx..x/2              |1234|1234|1234|1234|1234|1234|12…  1
 130  norvel        x....x...xx...xxx....x...xx...xx...xxx.…        |1234|1234|1234|1234|1234|1234|12…  0
 131  norvel        x.....x....x....x....x....x....x....x..…        |1234|1234|1234|1234|1234|1234|12…  0
 132  norvel        xxx...x..x..x...x..x...x...xx..x/2              |1234|1234|1234|1234|1234|1234|12…  0
 133  norvel        x...x...x...x...x....x...x...x...x....x…        |1234|1234|1234|1234|1234|1234|12…  0
 134  norvel        x...xx..x..x...x...xx..x..x..x..x..x/5          |1234|1234|1234|1234|1234|1234|12…  1
 135  norvel        xx.....x....x....xx.....x....x....x....…        |1234|1234|1234|1234|1234|1234|12…  0
 136  norvel        x...x...x....x...x...x...x....x...x....…        |1234|1234|1234|1234|1234|1234|12…  0
 137  norvel        x..x..x..x..x..x...x..xxx...xxx...xxx..…        |1234|1234|1234|1234|1234|1234|12…  0
 138  norvel        xx..x...x..xx..xx..x..x..xxx..x..xxx/6          |1234|1234|1234|1234|1234|1234|12…  1
 139  norvel        xx....x...x...xx....xxx...x....x...x/5          |1234|1234|1234|1234|1234|1234|12…  1
 140  norvel        x...xx....xxx...xx...x....x....xx...xx.…        |1234|1234|1234|1234|1234|1234|12…  0
 141  norvel        x....xxx....xx...x....x...xx...x...x/2          |1234|1234|1234|1234|1234|1234|12…  0
 142  norvel        x...xx....xx....x....x....x...xxx...xx.…        |1234|1234|1234|1234|1234|1234|12…  0
 143  norvel        x...xx...x...x....x...xx...x...x...x...…        |1234|1234|1234|1234|1234|1234|12…  0
 144  norvel        x..xxx..xx..x..xx...x..xx..xx..x/2              |1234|1234|1234|1234|1234|1234|12…  1
 145  norvel        x....x....x....x....x....xx....x....x..…        |1234|1234|1234|1234|1234|1234|12…  0
 146  norvel        x...x...x...xx...xx...x..xx...x..x..x..…        |1234|1234|1234|1234|1234|1234|12…  0
 147  norvel        x...x....x....x...x...x...x....xx....xx…        |1234|1234|1234|1234|1234|1234|12…  0
 148  norvel        x..x...xx..xxx..xx..x..x..xxx...x..x/6          |1234|1234|1234|1234|1234|1234|12…  1
 149  norvel        x...xx....x...x...x...x....x...x...x/5          |1234|1234|1234|1234|1234|1234|12…  0
 150  norvel        xx...x...xxx...xx..xx..x..xx..x..x..x..…        |1234|1234|1234|1234|1234|1234|12…  0
 151  norvel        x....x...x....x....x...x...x...x...x...…        |1234|1234|1234|1234|1234|1234|12…  0
 152  norvel        x....x...xx....x....xxx...x...x...x....…        |1234|1234|1234|1234|1234|1234|12…  0
 153  norvel        x..x..xxx..x...xx..xx..xx..xx..x...x...…        |1234|1234|1234|1234|1234|1234|12…  1
 154  norvel        xx...x...x...x...x....x...x...xx/5              |1234|1234|1234|1234|1234|1234|12…  0
 155  norvel        xx..x...x..xx..xx...x...xx..x..x/6              |1234|1234|1234|1234|1234|1234|12…  1
 156  norvel        x....x....x....x....xx...x....x...x....…        |1234|1234|1234|1234|1234|1234|12…  0
 157  norvel        x...x...x..x..x..x..x...x..x/4                  |1234|1234|1234|1234|1234|1234|12…  1
 158  norvel        xx...x..x..xx...xx..x...x...x..x..x...x…        |1234|1234|1234|1234|1234|1234|12…  1
 159  norvel        xx...xx...x...x...x...x...x....x/5              |1234|1234|1234|1234|1234|1234|12…  1
 160  norvel        x...x...xx...x..x..x..x..xx..xxx..xx...…        |1234|1234|1234|1234|1234|1234|12…  1
 161  norvel        xx...x....x...x...x...x...x...x....x...…        |1234|1234|1234|1234|1234|1234|12…  0
 162  norvel        x..x..xxx..xx...x...xx..xx..xxx..x..x..…        |1234|1234|1234|1234|1234|1234|12…  1
 163  norvel        x..x..xx..xx..x..x...x..xx..x..xx..x/8          |1234|1234|1234|1234|1234|1234|12…  0
 164  norvel        x...x...x...x..x..x...x..x..x..x...x/4          |1234|1234|1234|1234|1234|1234|12…  1
 165  norvel        x...x...x...xx...x...x....x....x...x/3          |1234|1234|1234|1234|1234|1234|12…  0
 166  norvel        xx...x...x....x....x...x....xx...x....x…        |1234|1234|1234|1234|1234|1234|12…  0
 167  norvel        xx...x...x...x....x...x...xx...x...x...…        |1234|1234|1234|1234|1234|1234|12…  0
 168  norvel        x....x....xx....x....x.....x.....x....x…        |1234|1234|1234|1234|1234|1234|12…  1
 169  norvel        x...x...x....xx...x...x...x...x....x/5          |1234|1234|1234|1234|1234|1234|12…  0
 170  norvel        x....x.....x....x....x....x....x.....x.…        |1234|1234|1234|1234|1234|1234|12…  0
 171  norvel        xx...xx..x..xxx..xx..x..x..xx..xx..x/7          |1234|1234|1234|1234|1234|1234|12…  1
 172  norvel        x..x..x...x..x..x..xx...x..x/5                  |1234|1234|1234|1234|1234|1234|12…  0
 173  norvel        x...x..x...xx..x..x...x...x...xx/4              |1234|1234|1234|1234|1234|1234|12…  1
 174  norvel        x...x...x....x....xx...x...x...x...x...…        |1234|1234|1234|1234|1234|1234|12…  0
 175  norvel        xxx...x....xxx....xxx...x....x...xx...x…        |1234|1234|1234|1234|1234|1234|12…  0
 176  norvel        xx...x...x....xx...xx...xx...x...xx....…        |1234|1234|1234|1234|1234|1234|12…  0
 177  norvel        x...x...x..x..x..x..x..x...x/2                  |1234|1234|1234|1234|1234|1234|12…  1
 178  norvel        x...x...x...x....x....xx....x....xx...x…        |1234|1234|1234|1234|1234|1234|12…  0
 179  norvel        x...x...x....xx...x....x...x...xx....x.…        |1234|1234|1234|1234|1234|1234|12…  0
 180  norvel        xxx.....xx....x....x....x....x....xx...…        |1234|1234|1234|1234|1234|1234|12…  0
 181  norvel        x..xx..x..xxx..x..xxx...x..x..x..xx...x…        |1234|1234|1234|1234|1234|1234|12…  1
 182  norvel        x...xx...x...x...xx....x...xx....xx...x…        |1234|1234|1234|1234|1234|1234|12…  1
 183  norvel        x....x....x....x....x.....x.....x.....x…        |1234|1234|1234|1234|1234|1234|12…  0
 184  norvel        x...x...x....x...x....x....x...x/2              |1234|1234|1234|1234|1234|1234|12…  0
 185  norvel        xx...x...xx...x....x...x...xxx....x...x…        |1234|1234|1234|1234|1234|1234|12…  0
 186  norvel        x.....x.....x....x.....x....xx.....xx..…        |1234|1234|1234|1234|1234|1234|12…  0
 187  norvel        x..x..x..x..x..xx..x..xx..xx..xx...x/4          |1234|1234|1234|1234|1234|1234|12…  0
 188  norvel        x....x...x....xx...x...x...x...x/3              |1234|1234|1234|1234|1234|1234|12…  1
 189  norvel        x....x....x....xx....xx....x.....x....x…        |1234|1234|1234|1234|1234|1234|12…  0
 190  norvel        x..x..xx..xx...x..x..x..xx..x..xx..x/4          |1234|1234|1234|1234|1234|1234|12…  1
 191  norvel        x...xx...xx..xx..x..xx...xxx...xx..x/2          |1234|1234|1234|1234|1234|1234|12…  0
 192  norvel        x....xx....xxx....x....xx.....x.....x..…        |1234|1234|1234|1234|1234|1234|12…  0
 193  norvel        xx....x....x....x....x....x.....x....x.…        |1234|1234|1234|1234|1234|1234|12…  0
 194  norvel        x..x..x...x..xx...xx..xx..xx..x..x...xx…        |1234|1234|1234|1234|1234|1234|12…  1
 195  norvel        x..x..x...x..x...x..x...x..x..x...xx/7          |1234|1234|1234|1234|1234|1234|12…  0
 196  norvel        x...x....x....x....x...x...x....xx...xx…        |1234|1234|1234|1234|1234|1234|12…  0
 197  norvel        x....xx....x....xx....x....x.....x....x…        |1234|1234|1234|1234|1234|1234|12…  0
 198  norvel        x...x...x...x...xx....x...xx...xx....x.…        |1234|1234|1234|1234|1234|1234|12…  0
 199  norvel        x...xx...x...x...x...x...x....x...xx/2          |1234|1234|1234|1234|1234|1234|12…  0
 200  norvel        x...x...x....x...x...x....x...x....x/2          |1234|1234|1234|1234|1234|1234|12…  0
 201  norvel        x..x..x..xx...x...x..x...x...xxx/2              |1234|1234|1234|1234|1234|1234|12…  1
 202  norvel        x....x...x...x....x...x...x....x/5              |1234|1234|1234|1234|1234|1234|12…  0
 203  norvel        x...x...x...x...x...x...x...x....x....x…        |1234|1234|1234|1234|1234|1234|12…  0
 204  norvel        x..x..xxx..x...xxx...x...x...x..x..xx..…        |1234|1234|1234|1234|1234|1234|12…  0
 205  norvel        x...x...x....x...xxx....xxx...xx...xx..…        |1234|1234|1234|1234|1234|1234|12…  0
 206  norvel        x....x....x...x...x...x...x....x/5              |1234|1234|1234|1234|1234|1234|12…  0
 207  norvel        x...x...x..x...x...x..x...xx..xx..x...x…        |1234|1234|1234|1234|1234|1234|12…  1
 208  norvel        x....x....x....x....x....x....x.....x..…        |1234|1234|1234|1234|1234|1234|12…  1
 209  norvel        x..x..x..x..xx..xx...xx..x..x..x/5              |1234|1234|1234|1234|1234|1234|12…  1
 210  norvel        x..x...x..x...x..xx..x..x..x...x/7              |1234|1234|1234|1234|1234|1234|12…  0
 211  norvel        x..x..x..x..x...xx..xx..x..x/6                  |1234|1234|1234|1234|1234|1234|12…  0
 212  norvel        x...x...x..x..x..x...x...x..x...x..x/8          |1234|1234|1234|1234|1234|1234|12…  0
 213  norvel        x..xx...x..x...x...xx...x..xx..x/5              |1234|1234|1234|1234|1234|1234|12…  1
 214  norvel        xx...xxx...x....x....x...x....xx...x/5          |1234|1234|1234|1234|1234|1234|12…  0
 215  norvel        x..x...x...xx..x..x...xx...x..xx..x..xx…        |1234|1234|1234|1234|1234|1234|12…  1
 216  norvel        x...x...x...x...x...x...x...x..x..x...x…        |1234|1234|1234|1234|1234|1234|12…  1
 217  norvel        x....x.....x....x....x....x....x.....x.…        |1234|1234|1234|1234|1234|1234|12…  0
 218  norvel        x..x..x..x...x..x..x...x...x/2                  |1234|1234|1234|1234|1234|1234|12…  1
 219  norvel        x...xx..x..xx...x...xx..x...xx...xxx/2          |1234|1234|1234|1234|1234|1234|12…  1
 220  norvel        x...x..x..x...x...x..x..x..x/6                  |1234|1234|1234|1234|1234|1234|12…  0
 221  norvel        x..x..xx...x..x..x..x..x...xx..x...x/4          |1234|1234|1234|1234|1234|1234|12…  1
 222  norvel        x...x...x..x..x..x..x..x..x..xx..xxx/4          |1234|1234|1234|1234|1234|1234|12…  1
 223  norvel        x..xx...xx..xx..x..x..x..x..x..x/5              |1234|1234|1234|1234|1234|1234|12…  1
 224  norvel        xx....xx...x...x...x....xx...x...xxx/3          |1234|1234|1234|1234|1234|1234|12…  0
 225  norvel        x..x..xx..xx..x...xx..x..x...x..x..x/4          |1234|1234|1234|1234|1234|1234|12…  1
 226  norvel        xx...x..xx..x...x..x...xxx...x..x...x..…        |1234|1234|1234|1234|1234|1234|12…  1
 227  norvel        xx...x....xx...x...x...x...x...x/2              |1234|1234|1234|1234|1234|1234|12…  0
 228  norvel        x....x.....x....x.....x.....xxx.....xx.…        |1234|1234|1234|1234|1234|1234|12…  0
 229  norvel        x..xx...x..xx...x...x..x...x..xx...x/7          |1234|1234|1234|1234|1234|1234|12…  1
 230  norvel        x....x....x.....x.....xxx....xx....x...…        |1234|1234|1234|1234|1234|1234|12…  0
 231  norvel        x..x..x...x...x..xx..x..x...x..x/5              |1234|1234|1234|1234|1234|1234|12…  1
 232  norvel        x..x...xx...x..xx...x...x..x...x/2              |1234|1234|1234|1234|1234|1234|12…  1
 233  norvel        x....x....x....x.....x.....x.....x....x…        |1234|1234|1234|1234|1234|1234|12…  0
 234  norvel        xx...x....x...x...x...xx...xx....xx...x…        |1234|1234|1234|1234|1234|1234|12…  0
 235  norvel        x...x...x...x....xx...x...x....x...x...…        |1234|1234|1234|1234|1234|1234|12…  0
 236  norvel        x...x...x...x...x...x....xx...x...xx...…        |1234|1234|1234|1234|1234|1234|12…  0
 237  norvel        x..xx...x...xx...xxx..x...xx..xx/2              |1234|1234|1234|1234|1234|1234|12…  1
 238  norvel        x..x...x...xx..x..x...xx...x/2                  |1234|1234|1234|1234|1234|1234|12…  1
 239  norvel        xx...x..x..x..x..x..xx..x..xx..x/6              |1234|1234|1234|1234|1234|1234|12…  0
 240  norvel        x....xxx....x.....x....x.....x....x....…        |1234|1234|1234|1234|1234|1234|12…  0
 241  norvel        x..x...xx..x..x..x..x..x..xx/2                  |1234|1234|1234|1234|1234|1234|12…  1
 242  norvel        x....xx...xx...x...xx....x...xx...x...x…        |1234|1234|1234|1234|1234|1234|12…  0
 243  norvel        xx..x..x..x..x...x...x..x..x...xx..x/4          |1234|1234|1234|1234|1234|1234|12…  1
 244  norvel        x....x....xx...xx...x...x....x...xx...x…        |1234|1234|1234|1234|1234|1234|12…  0
 245  norvel        x..xx...xx..x...x..x..xx..x...xx/4              |1234|1234|1234|1234|1234|1234|12…  1
 246  norvel        x..x...x..x...x..x..x..x...x/4                  |1234|1234|1234|1234|1234|1234|12…  1
 247  norvel        x...x....x...x...x...xx...x...x...x....…        |1234|1234|1234|1234|1234|1234|12…  0
 248  norvel        xx....x....xx....x....x.....xx....x....…        |1234|1234|1234|1234|1234|1234|12…  0
 249  norvel        x..x...x..x..x..xx..x..x..xx/2                  |1234|1234|1234|1234|1234|1234|12…  1
 250  norvel        x...x..x...x..xx..xx...x..xxx..x...xx..…        |1234|1234|1234|1234|1234|1234|12…  1
 251  norvel        xxx.....x....x....xx.....x....x....x...…        |1234|1234|1234|1234|1234|1234|12…  0
 252  norvel        x...x....x...x....x...x....x...x...x...…        |1234|1234|1234|1234|1234|1234|12…  0
 253  norvel        xx...x...x...xx...xxx...x....x...xx...x…        |1234|1234|1234|1234|1234|1234|12…  0
 254  norvel        x..x..x..x...x...x..x..x...x...x...x/7          |1234|1234|1234|1234|1234|1234|12…  0
 255  norvel        xx...xx....x....x....x...x....x...x....…        |1234|1234|1234|1234|1234|1234|12…  0
 256  norvel        x....xx.....x.....x.....x....x....x....…        |1234|1234|1234|1234|1234|1234|12…  0
 257  norvel        x...x....xx....x...xx...x....x...x...xx…        |1234|1234|1234|1234|1234|1234|12…  0
 258  norvel        x....x...x...x...x...xx...x....x/3              |1234|1234|1234|1234|1234|1234|12…  0
 259  norvel        x...x...xx...xxx...x...x....x...x...x..…        |1234|1234|1234|1234|1234|1234|12…  0
 260  norvel        x...x..x...x..x..x...x..x..x/2                  |1234|1234|1234|1234|1234|1234|12…  1
 261  norvel        x...xx...xx...x....xx....x...x...x...x.…        |1234|1234|1234|1234|1234|1234|12…  0
 262  norvel        x..x...x..x...x...x...x..x..x..x...x/6          |1234|1234|1234|1234|1234|1234|12…  1
 263  norvel        x..xx..xx...x...x..x...x...x/2                  |1234|1234|1234|1234|1234|1234|12…  1
 264  norvel        x..xx..xx..x..xx..x...x...x...xx/6              |1234|1234|1234|1234|1234|1234|12…  1
 265  norvel        x...x....x...x...xx....xx...xx....x...x…        |1234|1234|1234|1234|1234|1234|12…  0
 266  norvel        x...xx....x...x....xxx...xx...x...xx...…        |1234|1234|1234|1234|1234|1234|12…  1
 267  norvel        x...x...xx...x....xx....xx....xx....x..…        |1234|1234|1234|1234|1234|1234|12…  0
 268  norvel        x...xx...x...xx....x...x...x...x/2              |1234|1234|1234|1234|1234|1234|12…  0
 269  norvel        x..x...xx..x..x..xx..x..x..x/2                  |1234|1234|1234|1234|1234|1234|12…  1
 270  norvel        x...x...xx...x...x....x...x...x....x...…        |1234|1234|1234|1234|1234|1234|12…  1
 271  norvel        x..x..x...x...x..x...x..x..x/2                  |1234|1234|1234|1234|1234|1234|12…  1
 272  norvel        x.....x....xx....xx....x....x....x.....…        |1234|1234|1234|1234|1234|1234|12…  0
 273  norvel        x...x..x...x...x..x..x..x..x/2                  |1234|1234|1234|1234|1234|1234|12…  1
 274  norvel        xx...x...x....x....x...xx...xx....x...x…        |1234|1234|1234|1234|1234|1234|12…  0
 275  norvel        xx....xx...xx...x...xx....x....x...x/2          |1234|1234|1234|1234|1234|1234|12…  0
 276  norvel        x..x..x..x..x...x...x...x..x/4                  |1234|1234|1234|1234|1234|1234|12…  0
 277  norvel        x...x...x....x...x...x....x...x....x...…        |1234|1234|1234|1234|1234|1234|12…  0
 278  norvel        xx..x..x...x..x..x..x..x...x/5                  |1234|1234|1234|1234|1234|1234|12…  0
 279  norvel        x...x....x...x....x...xx...xx...xxx....…        |1234|1234|1234|1234|1234|1234|12…  0
 280  norvel        x..xx...x...x..x..xxx..x..x..xxx/4              |1234|1234|1234|1234|1234|1234|12…  1
 281  norvel        x..x..xx...x..x..xx...x...xx/5                  |1234|1234|1234|1234|1234|1234|12…  1
 282  norvel        x..x...x..x..x...x..x..xx..x/5                  |1234|1234|1234|1234|1234|1234|12…  0
 283  norvel        xx..x..x..x...x..x...x...x..x..x/7              |1234|1234|1234|1234|1234|1234|12…  0
 284  norvel        x...x....x...x...x...x...x....x....xx..…        |1234|1234|1234|1234|1234|1234|12…  0
 285  norvel        x..x...x..xx..x..x..x..xx..x/2                  |1234|1234|1234|1234|1234|1234|12…  1
 286  norvel        x...x...xx...xx...x..x..x..x...x/4              |1234|1234|1234|1234|1234|1234|12…  0
 287  norvel        x...x..x..x...x..x...x..x..x/6                  |1234|1234|1234|1234|1234|1234|12…  0
 288  norvel        xx....xx....x....x.....xxx....x....xx..…        |1234|1234|1234|1234|1234|1234|12…  0
 289  norvel        xx...xxx...x..x..xxx..xx...xx..x/5              |1234|1234|1234|1234|1234|1234|12…  0
 290  norvel        x...x...x....x...x....x...x....x/2              |1234|1234|1234|1234|1234|1234|12…  0
 291  norvel        x...x...x...x...x...x....x....xx....xx.…        |1234|1234|1234|1234|1234|1234|12…  0
 292  norvel        x..x..x...x...x..xx..x..x..x/4                  |1234|1234|1234|1234|1234|1234|12…  1
 293  norvel        xxx...xx..x..xx..xx..x..x..x/4                  |1234|1234|1234|1234|1234|1234|12…  0
 294  norvel        x...x...x....x...x....xx....x....x...x.…        |1234|1234|1234|1234|1234|1234|12…  0
 295  norvel        x..x...x..x..x...x..xx..x...x..x/5              |1234|1234|1234|1234|1234|1234|12…  0
 296  norvel        x...x...x....x....x...x...x....x...x/6          |1234|1234|1234|1234|1234|1234|12…  1
 297  norvel        x...xx...x...xxx..x..xxx..x..xx...xx...…        |1234|1234|1234|1234|1234|1234|12…  0
 298  norvel        x...x...x...x....xx...x....x...x/3              |1234|1234|1234|1234|1234|1234|12…  0
 299  norvel        xx..x..x..xx..x...x..x..x..x/5                  |1234|1234|1234|1234|1234|1234|12…  1
 300  norvel        x..xxx..xx..x...xx..x..xx..x..xx/6              |1234|1234|1234|1234|1234|1234|12…  1
 301  norvel        xxx...x...x...xx...x....x....x...x...x.…        |1234|1234|1234|1234|1234|1234|12…  0
 302  norvel        xx...x...x...x...x...x...x...x....x...x…        |1234|1234|1234|1234|1234|1234|12…  0
 303  norvel        x....xx....x...x...x...x....xx....xx...…        |1234|1234|1234|1234|1234|1234|12…  0
 304  norvel        xx...x...x..x...xx..x...x..x...x/2              |1234|1234|1234|1234|1234|1234|12…  0
 305  norvel        x....x....x...x....x....x....x...x...x.…        |1234|1234|1234|1234|1234|1234|12…  1
 306  norvel        x..x..x..x...x..x...x..x...x/2                  |1234|1234|1234|1234|1234|1234|12…  1
 307  norvel        xx...x...x...xx....x...x...x...x...x...…        |1234|1234|1234|1234|1234|1234|12…  0
 308  norvel        x....x...x...x...xxx....x....x...x...xx…        |1234|1234|1234|1234|1234|1234|12…  0
 309  norvel        x...x..x...x...x...xx...x..xxx..x..x...…        |1234|1234|1234|1234|1234|1234|12…  1
 310  norvel        xxx..xxx..x..x..x..x...x..xx..xx/5              |1234|1234|1234|1234|1234|1234|12…  1
 311  norvel        xx...x...x...xx....x....x...xx...xx...x…        |1234|1234|1234|1234|1234|1234|12…  0
 312  norvel        x...x...x....x....xx....x....x...x...xx…        |1234|1234|1234|1234|1234|1234|12…  0
 313  norvel        x..x...x..x...x..x..x..x...x/6                  |1234|1234|1234|1234|1234|1234|12…  0
 314  norvel        x....x....x....x...x...x...x...x...x/2          |1234|1234|1234|1234|1234|1234|12…  0
 315  norvel        x....x...x...xx....x...x...x...x...x...…        |1234|1234|1234|1234|1234|1234|12…  0
 316  norvel        x...x....xx...x....xx...xx....x....x/2          |1234|1234|1234|1234|1234|1234|12…  0
 317  norvel        x...x....x...x...xx...x...x...x....x/3          |1234|1234|1234|1234|1234|1234|12…  0
 318  norvel        x..x..x..x...xx..x...x...x..x...x..x/8          |1234|1234|1234|1234|1234|1234|12…  0
 319  norvel        xxx....x....x....x....x....x.....x....x…        |1234|1234|1234|1234|1234|1234|12…  0
 320  norvel        x..x..x..xx..x...x..x..x...x...xx..x/5          |1234|1234|1234|1234|1234|1234|12…  0
 321  norvel        x...xx...x...x...x....x...x...xx...x...…        |1234|1234|1234|1234|1234|1234|12…  0
 322  norvel        xx...xx...xx....x...x...x...xx...xx...x…        |1234|1234|1234|1234|1234|1234|12…  0
 323  norvel        xxx....xxx...xx...x...xx....xx...x....x…        |1234|1234|1234|1234|1234|1234|12…  0
 324  norvel        xx....xxx.....x.....x.....x.....x....x.…        |1234|1234|1234|1234|1234|1234|12…  0
 325  norvel        x...x..x...xxx...x..x..xx...x..x/6              |1234|1234|1234|1234|1234|1234|12…  1
 326  norvel        x..xx..x..xx..x..x...x..xx..x..x/6              |1234|1234|1234|1234|1234|1234|12…  0
 327  norvel        xx...x..x..xx..x...xx...x..xx...xx..x..…        |1234|1234|1234|1234|1234|1234|12…  1
 328  norvel        x..xx..x..x...x...x...xx...x/2                  |1234|1234|1234|1234|1234|1234|12…  1
 329  norvel        x..xx...x..x..x...x..x..x..x/5                  |1234|1234|1234|1234|1234|1234|12…  1
 330  norvel        x....x...x...xx....x...xx....x...x...x.…        |1234|1234|1234|1234|1234|1234|12…  0
 331  norvel        xx....xx....xxx....x....x....x....xxx..…        |1234|1234|1234|1234|1234|1234|12…  0
 332  norvel        xx..x..x...xxx..x...xx...xx...xxx..x/5          |1234|1234|1234|1234|1234|1234|12…  1
 333  norvel        x...x...x..x..x...x..x...x..x..x/7              |1234|1234|1234|1234|1234|1234|12…  0
 334  norvel        x....x...x...xx...xxx...xxx...x...xx/5          |1234|1234|1234|1234|1234|1234|12…  0
 335  norvel        x....x...xx....x...x....xx....x...x...x…        |1234|1234|1234|1234|1234|1234|12…  0
 336  norvel        x...x....xxx...x....xx....x...x...x....…        |1234|1234|1234|1234|1234|1234|12…  0
 337  norvel        x...x..x..x..x..x...x..x..xx...x/7              |1234|1234|1234|1234|1234|1234|12…  0
 338  norvel        x....x....x.....x.....x....x.....xx....…        |1234|1234|1234|1234|1234|1234|12…  0
 339  norvel        x..x..x..x...x..x..xx...x..x/4                  |1234|1234|1234|1234|1234|1234|12…  0
 340  norvel        x...x...x...x...x...x...x...x....xx...x…        |1234|1234|1234|1234|1234|1234|12…  0
 341  norvel        xxx.....x....x.....x....x....xx....xxx.…        |1234|1234|1234|1234|1234|1234|12…  0
 342  norvel        x....xx....x...xx...xx....x...xx....xxx…        |1234|1234|1234|1234|1234|1234|12…  1
 343  norvel        x...x..xx..xx..x...xx..x..x..x..x..x/7          |1234|1234|1234|1234|1234|1234|12…  1
 344  norvel        x..x...x...x..x..xx..x..x..x/4                  |1234|1234|1234|1234|1234|1234|12…  1
 345  norvel        x...x....x....x...x....x...x...x...x/2          |1234|1234|1234|1234|1234|1234|12…  0
 346  norvel        x..x..xx..xx...x..xx..xx..xx/4                  |1234|1234|1234|1234|1234|1234|12…  1
 347  norvel        x.....x.....x....x....x....x....x....x.…        |1234|1234|1234|1234|1234|1234|12…  0
 348  norvel        x....x...x...x....xxx...x...x...x...x..…        |1234|1234|1234|1234|1234|1234|12…  0
 349  norvel        xx...xx...xx..xx...xx...x..xx..x/2              |1234|1234|1234|1234|1234|1234|12…  0
 350  norvel        x...x...x...xx....x....x....xx....x...x…        |1234|1234|1234|1234|1234|1234|12…  1
 351  norvel        x....x.....x....xx....x....x.....x....x…        |1234|1234|1234|1234|1234|1234|12…  0
 352  norvel        x....xx....x....x....xxx....xx.....xx..…        |1234|1234|1234|1234|1234|1234|12…  0
 353  norvel        x..x..x..x...x..x..x..x..x..x..x/7              |1234|1234|1234|1234|1234|1234|12…  0
 354  norvel        x....x...xx...xx...x...xxx...x....x...x…        |1234|1234|1234|1234|1234|1234|12…  0
 355  norvel        xxx..x..x..x..x...x..x...x..x..x...x/6          |1234|1234|1234|1234|1234|1234|12…  1
 356  norvel        xx...xx...xx...x..x..xx..x..x...xx..x..…        |1234|1234|1234|1234|1234|1234|12…  0
 357  norvel        x..xx..xx..x..x..x...x..xx...x..x..x/4          |1234|1234|1234|1234|1234|1234|12…  1
 358  norvel        xx...x...xxx....x....x...xx...x...xx...…        |1234|1234|1234|1234|1234|1234|12…  1
 359  norvel        x....x...xx....x...x....xx...x...x...x.…        |1234|1234|1234|1234|1234|1234|12…  0
 360  norvel        xx...x...x..x..x..x..x..x..x/4                  |1234|1234|1234|1234|1234|1234|12…  1
 361  norvel        x.....xxx.....x....x.....xx....x.....x.…        |1234|1234|1234|1234|1234|1234|12…  1
 362  norvel        x...xxx....x...x...xx....x...x....x....…        |1234|1234|1234|1234|1234|1234|12…  0
 363  norvel        x....x...x...x....x...x....x...x...x/6          |1234|1234|1234|1234|1234|1234|12…  0
 364  norvel        x....x....x.....x.....x....x....x....x.…        |1234|1234|1234|1234|1234|1234|12…  0
 365  norvel        x...xx..x..x...x..x..x..x..x/5                  |1234|1234|1234|1234|1234|1234|12…  1
 366  norvel        x...xx..x..x..x..xx..x...xxx/4                  |1234|1234|1234|1234|1234|1234|12…  1
 367  norvel        x...x....x....x....x....x....xx...xx...…        |1234|1234|1234|1234|1234|1234|12…  1
 368  norvel        x...xx....x...xx...x....x...x...xxx...x…        |1234|1234|1234|1234|1234|1234|12…  0
 369  norvel        x...xx....x...x...x...x...x...xx/3              |1234|1234|1234|1234|1234|1234|12…  0
 370  norvel        xx...xx....x....x...x...x...xxx....x/2          |1234|1234|1234|1234|1234|1234|12…  0
 371  norvel        xx...x....x...x....x...x...x...x...x...…        |1234|1234|1234|1234|1234|1234|12…  0
 372  norvel        xx...x..x..xx...x...xxx..x...xx..xxx/5          |1234|1234|1234|1234|1234|1234|12…  1
 373  norvel        x...x....xx...x...x...x...xx...x/5              |1234|1234|1234|1234|1234|1234|12…  0
 374  norvel        x..x..x...x..xxx..x..x..x..x/4                  |1234|1234|1234|1234|1234|1234|12…  1
 375  norvel        x..x...x...xx..x..x..xx...x..x..x..x/8          |1234|1234|1234|1234|1234|1234|12…  0
 376  norvel        xx...xx....xx...x....xx....x....xx...x.…        |1234|1234|1234|1234|1234|1234|12…  0
 377  norvel        xxx...x...x...x....x...xx...x....xx...x…        |1234|1234|1234|1234|1234|1234|12…  0
 378  norvel        x...x....xx...x...x...x...x...xx....xx.…        |1234|1234|1234|1234|1234|1234|12…  0
 379  norvel        x....x....x...x...x...x...x....x/2              |1234|1234|1234|1234|1234|1234|12…  0
 380  norvel        xxx...x..x...x...x..x..x..x..x..x..x/5          |1234|1234|1234|1234|1234|1234|12…  1
 381  norvel        xx...x..x...x...x..xx..x...x...x/2              |1234|1234|1234|1234|1234|1234|12…  1
 382  norvel        x.....x....x....x....x.....x....x.....x…        |1234|1234|1234|1234|1234|1234|12…  1
 383  norvel        x....x...x....x...x...x...x...x...x...x…        |1234|1234|1234|1234|1234|1234|12…  0
 384  norvel        xx....x....x....xx....x....x....x.....x…        |1234|1234|1234|1234|1234|1234|12…  0
 385  norvel        x....x...x...x...xx...x....xx....x...x.…        |1234|1234|1234|1234|1234|1234|12…  0
 386  norvel        x..x..x...x...xx..x..xxx..x..x..x..x/5          |1234|1234|1234|1234|1234|1234|12…  1
 387  norvel        x..x...x..x...x...x..x..xx..x..x/5              |1234|1234|1234|1234|1234|1234|12…  1
 388  norvel        x....x...x....x...x...x...x....x...x/2          |1234|1234|1234|1234|1234|1234|12…  1
 389  norvel        x.....x.....x....x....xx.....x....xx...…        |1234|1234|1234|1234|1234|1234|12…  0
 390  norvel        x...x....x....x...x....x...x...x...x/6          |1234|1234|1234|1234|1234|1234|12…  0
 391  norvel        xx...x...x....xx....x...x...x...x...xx.…        |1234|1234|1234|1234|1234|1234|12…  0
 392  norvel        x...x..xx...x...x...xxx...x..xx...xx..x…        |1234|1234|1234|1234|1234|1234|12…  1
 393  norvel        x....x...xx...x...xxx....x...x....xx/2          |1234|1234|1234|1234|1234|1234|12…  0
 394  norvel        x...x...x...x...x....xx...xx...x/2              |1234|1234|1234|1234|1234|1234|12…  0
 395  norvel        x....x...x...x...xxx...x...x...x/5              |1234|1234|1234|1234|1234|1234|12…  1
 396  norvel        xx...x....x...xx...x...xxx...xxx...x/3          |1234|1234|1234|1234|1234|1234|12…  0
 397  norvel        x....x...x...xx...x....x...xx....x...x.…        |1234|1234|1234|1234|1234|1234|12…  1
 398  norvel        xx....xxx...xx...x....x....x....xx....x…        |1234|1234|1234|1234|1234|1234|12…  0
 399  norvel        x...x....x....x...x...x...x....x...x/2          |1234|1234|1234|1234|1234|1234|12…  1
 400  norvel        x..x..x...x..x..x..x..x..x..x..x/4              |1234|1234|1234|1234|1234|1234|12…  0
 401  norvel        x.....x....x....x....x.....x.....x....x…        |1234|1234|1234|1234|1234|1234|12…  0
 402  norvel        xx....x....xxx...x...x...x...x....x...x…        |1234|1234|1234|1234|1234|1234|12…  0
 403  norvel        x...xx...x..x..xx..xx..x...x/5                  |1234|1234|1234|1234|1234|1234|12…  1
 404  norvel        xx...x...xxx..x..x...x..x..x..xx...x/6          |1234|1234|1234|1234|1234|1234|12…  1
 405  norvel        x..x..x..x..x..x...x...x...x/4                  |1234|1234|1234|1234|1234|1234|12…  0
 406  norvel        xx...x...x...x...x...x....x...x...xx/2          |1234|1234|1234|1234|1234|1234|12…  0
 407  norvel        x..x..xx..x..x..x...x...x..x/4                  |1234|1234|1234|1234|1234|1234|12…  0
 408  norvel        x...x..xx..xx..xx..xxx...x..x...x..x/4          |1234|1234|1234|1234|1234|1234|12…  1
 409  norvel        x....x.....x.....x....x....x....x....x.…        |1234|1234|1234|1234|1234|1234|12…  0
 410  norvel        xx..x..x...xx..xx...x...x...x..x/5              |1234|1234|1234|1234|1234|1234|12…  1
 411  norvel        x...x...x....x....x....x....x....x...x.…        |1234|1234|1234|1234|1234|1234|12…  0
 412  norvel        xx..x...x..x..x..x...x..x..x...x/5              |1234|1234|1234|1234|1234|1234|12…  1
 413  norvel        xxx....x....x...x....xxx...x...x...xxx.…        |1234|1234|1234|1234|1234|1234|12…  0
 414  norvel        x..x...x..x..x...x..xx...x..x..x/7              |1234|1234|1234|1234|1234|1234|12…  0
 415  norvel        x...x..x..x...x...x..x..x..x/6                  |1234|1234|1234|1234|1234|1234|12…  0
 416  norvel        x..xxx..x...x..x...x...x..xx/2                  |1234|1234|1234|1234|1234|1234|12…  1
 417  norvel        x...xx...x....xx...x...xx....x....xx/2          |1234|1234|1234|1234|1234|1234|12…  0
 418  norvel        x....x....x....x.....x....x....x.....x.…        |1234|1234|1234|1234|1234|1234|12…  0
 419  norvel        x..x..xx...xx..x..x..x...x...x..x..x/4          |1234|1234|1234|1234|1234|1234|12…  1
 420  norvel        x....x...x...xx...x....x....x....xx....…        |1234|1234|1234|1234|1234|1234|12…  0
 421  norvel        x....x...x...x...x...x....x....x...x...…        |1234|1234|1234|1234|1234|1234|12…  0
 422  norvel        x...x...x..x...x...xxx..x..xx..x/6              |1234|1234|1234|1234|1234|1234|12…  1
 423  norvel        xx....x....x...xx...x....x...x....x....…        |1234|1234|1234|1234|1234|1234|12…  1
 424  norvel        x...x....xx...x....x....x....x....x...x…        |1234|1234|1234|1234|1234|1234|12…  0
 425  norvel        x..x...xx..xx...x..x..xxx..x...x/2              |1234|1234|1234|1234|1234|1234|12…  1
 426  norvel        x..x...xx...xx...x..x..x..x..x..x..x/6          |1234|1234|1234|1234|1234|1234|12…  1
 427  norvel        x..x..x..x...x...x..x..x..x...xx..xx/6          |1234|1234|1234|1234|1234|1234|12…  0
 428  norvel        x..x..x...x...xx..x..x..xx..x..x/6              |1234|1234|1234|1234|1234|1234|12…  0
 429  norvel        x.....x....x....x....x....x....xxx....x…        |1234|1234|1234|1234|1234|1234|12…  0
 430  norvel        xxx...xx...x....x...x....x...xxx...x...…        |1234|1234|1234|1234|1234|1234|12…  1
 431  norvel        xx..x..xx..x..x...x..xxx..x..xxx..xx...…        |1234|1234|1234|1234|1234|1234|12…  1
 432  norvel        x..x...x...x..xx..x..x..xx..x..x/5              |1234|1234|1234|1234|1234|1234|12…  1
 433  norvel        xx..xxx..xx..x..x..x..xx...x/4                  |1234|1234|1234|1234|1234|1234|12…  1
 434  norvel        x....xx...x...xx...xx....x....xx....xx.…        |1234|1234|1234|1234|1234|1234|12…  1
 435  norvel        x...x..xx..xx..x...x..x...xxx..x...x/7          |1234|1234|1234|1234|1234|1234|12…  1
 436  norvel        x...x...xx...xxx...x...x....x....x....x…        |1234|1234|1234|1234|1234|1234|12…  0
 437  norvel        x....xx...x...xx...x...x...x...x/2              |1234|1234|1234|1234|1234|1234|12…  0
 438  norvel        x..x..x...x...x...x..x..x..x...x...x/8          |1234|1234|1234|1234|1234|1234|12…  0
 439  norvel        x...x..xxx...xx..x..x...x...xx..x...x..…        |1234|1234|1234|1234|1234|1234|12…  1
 440  norvel        x...x..xx...x..x...x...x..xx...x..xx/6          |1234|1234|1234|1234|1234|1234|12…  1
 441  norvel        xxx...x....x....x...x....x...x....xx...…        |1234|1234|1234|1234|1234|1234|12…  0
 442  norvel        x...x...xx..x...xx...x..xx..x..xx..x...…        |1234|1234|1234|1234|1234|1234|12…  1
 443  norvel        x...x...xxx...x..x..x...x..x...x/6              |1234|1234|1234|1234|1234|1234|12…  1
 444  norvel        x..x..xx..xx..xx..xx...xx..xx..x...x/6          |1234|1234|1234|1234|1234|1234|12…  1
 445  norvel        x..xx..x..x...xxx...x..x..xx...x/2              |1234|1234|1234|1234|1234|1234|12…  1
 446  norvel        x...xx...x....x...xx....x....x...x....x…        |1234|1234|1234|1234|1234|1234|12…  0
 447  norvel        x...x...x...x..x..x..x..x...x...x..x/4          |1234|1234|1234|1234|1234|1234|12…  1
 448  norvel        x..x..x...x..x..x..xx..x..xx..xx/5              |1234|1234|1234|1234|1234|1234|12…  0
 449  norvel        xx...x....xx...x...x...x...x...x...x/3          |1234|1234|1234|1234|1234|1234|12…  0
 450  norvel        x....x....x....x....x....x....xx.....x.…        |1234|1234|1234|1234|1234|1234|12…  0
 451  norvel        x..xx...x..x..x..xxx..x...x...xx/2              |1234|1234|1234|1234|1234|1234|12…  1
 452  norvel        x..x..x...x..x..x...x...xx...x..x..x/5          |1234|1234|1234|1234|1234|1234|12…  0
 453  norvel        x..x...x..x..xx...x..x..x...x..x/4              |1234|1234|1234|1234|1234|1234|12…  1
 454  norvel        x...x...x....xx...x...x...x...xx/2              |1234|1234|1234|1234|1234|1234|12…  1
 455  norvel        x...x....x...x...xx....xx....x....x...x…        |1234|1234|1234|1234|1234|1234|12…  0
 456  norvel        xx....x....x...x....xx...x...xx....x/2          |1234|1234|1234|1234|1234|1234|12…  0
 457  norvel        x..x...x..x...x..x..x...x..x/2                  |1234|1234|1234|1234|1234|1234|12…  1
 458  norvel        xxx...xx...x..xxx..x...x..x..x..x..xx..…        |1234|1234|1234|1234|1234|1234|12…  0
 459  norvel        xx...x...x....x...x....x...xx....x....x…        |1234|1234|1234|1234|1234|1234|12…  0
 460  norvel        x...x...x....x....x...x....xxx...x....x…        |1234|1234|1234|1234|1234|1234|12…  0
 461  norvel        x...x...xx...x...xx...x....x...x...x/3          |1234|1234|1234|1234|1234|1234|12…  0
 462  norvel        x..xxx..x..x...x..x..x..xx...xxx..xx/4          |1234|1234|1234|1234|1234|1234|12…  1
 463  norvel        xx...xx...xx...xx..xx..xx..xx..x...x/6          |1234|1234|1234|1234|1234|1234|12…  0
 464  norvel        x...x...xx...xx...xxx....x...xx...xx/5          |1234|1234|1234|1234|1234|1234|12…  0
 465  norvel        x...xx..x..xx...xx...xxx...x..x...x..xx…        |1234|1234|1234|1234|1234|1234|12…  0
 466  norvel        x..x...xx...xx..x...x..x...x..xx/2              |1234|1234|1234|1234|1234|1234|12…  1
 467  norvel        x..x...x...xxx..xx...x...xx...xx..xx/4          |1234|1234|1234|1234|1234|1234|12…  1
 468  norvel        x..xxx..x..xxx..xx...xx..x..xx..x..x/6          |1234|1234|1234|1234|1234|1234|12…  0
 469  norvel        xx....xx...x...x....x...x....x....x....…        |1234|1234|1234|1234|1234|1234|12…  0
 470  norvel        x...xx...x...x....x...x...x...x....x...…        |1234|1234|1234|1234|1234|1234|12…  0
 471  norvel        x...x..x..x...x...x..x..x..x...x/7              |1234|1234|1234|1234|1234|1234|12…  0
 472  norvel        x....x...x....x...x...x...x....x...x...…        |1234|1234|1234|1234|1234|1234|12…  0
 473  norvel        x..x..x..x...x..x..x..x..x..x..x/6              |1234|1234|1234|1234|1234|1234|12…  0
 474  norvel        x....x....x...x...x...x....x...x...x...…        |1234|1234|1234|1234|1234|1234|12…  0
 475  norvel        x...x..x...xxx..x..xx..x...xxx..xx..x..…        |1234|1234|1234|1234|1234|1234|12…  1
 476  norvel        x..x...x...x...x...x..x...x..x..x..x/8          |1234|1234|1234|1234|1234|1234|12…  0
 477  norvel        x.....x.....xxx.....x.....x....x.....x.…        |1234|1234|1234|1234|1234|1234|12…  0
 478  norvel        x....x...x....x...x...x...x...xx...x/5          |1234|1234|1234|1234|1234|1234|12…  0
 479  norvel        x...x...x...x...x...x...x....xx....x...…        |1234|1234|1234|1234|1234|1234|12…  0
 480  norvel        xx..xx...x..x...xx..x..xxx..x..x/5              |1234|1234|1234|1234|1234|1234|12…  1
 481  norvel        x...x...x....x...x...x....x...x...x...x…        |1234|1234|1234|1234|1234|1234|12…  0
 482  norvel        x....x...x...x....xx...x....x....xx...x…        |1234|1234|1234|1234|1234|1234|12…  0
 483  norvel        xx..x...x..x..x..x..x..x..xx...x/6              |1234|1234|1234|1234|1234|1234|12…  0
 484  norvel        x...x...x....x....x...x....x...x/2              |1234|1234|1234|1234|1234|1234|12…  0
 485  norvel        x...x....x...x...x...x...x....x....x/6          |1234|1234|1234|1234|1234|1234|12…  0
 486  norvel        x....x....xx....x....x....x.....xx....x…        |1234|1234|1234|1234|1234|1234|12…  0
 487  norvel        x...x....x...xx...x...xx...x...xx....xx…        |1234|1234|1234|1234|1234|1234|12…  0
 488  norvel        xx..x..x..xx..x..x..x..x..x...xx...x/4          |1234|1234|1234|1234|1234|1234|12…  1
 489  norvel        x...x...x....xx....xx....x...x...x....x…        |1234|1234|1234|1234|1234|1234|12…  0
 490  norvel        xx...xx...x....x....x...xx...x...xx...x…        |1234|1234|1234|1234|1234|1234|12…  0
 491  norvel        x...x...x...xx...x....x...xx...x...x...…        |1234|1234|1234|1234|1234|1234|12…  0
 492  norvel        xxx...x..x..x..xx..x...xx..x..x...xxx..…        |1234|1234|1234|1234|1234|1234|12…  1
 493  norvel        x..xx..xx..xxx...x..xx..xx..x..x/2              |1234|1234|1234|1234|1234|1234|12…  1
 494  norvel        xx...x....xx...x...x...xx...x...xx....x…        |1234|1234|1234|1234|1234|1234|12…  0
 495  norvel        x....x...x....x...x...x....x...x...x...…        |1234|1234|1234|1234|1234|1234|12…  0
 496  norvel        x..x..x..x...x..xxx..x...x..x...x..x/8          |1234|1234|1234|1234|1234|1234|12…  0
 497  norvel        xx...xx...x...x...x....xx...xxx....x...…        |1234|1234|1234|1234|1234|1234|12…  0
 498  norvel        x..xx...x..x..xx..xx..xx..xx/4                  |1234|1234|1234|1234|1234|1234|12…  1
 499  norvel        x...x..xx..xx..x..xx..xx..xx/5                  |1234|1234|1234|1234|1234|1234|12…  1
 500  norvel        x...x....x...x...x...x...x....x....x...…        |1234|1234|1234|1234|1234|1234|12…  0
 501  norvel        x..x..x...x...x..x..x...x..x/4                  |1234|1234|1234|1234|1234|1234|12…  1
 502  norvel        x....x...x....x...x...x...x....x...x/2          |1234|1234|1234|1234|1234|1234|12…  1
 503  norvel        xx...xx...x...x..x...x..x..x/2                  |1234|1234|1234|1234|1234|1234|12…  0
 504  norvel        x....x....x....xx....xx....xx....x.....…        |1234|1234|1234|1234|1234|1234|12…  1
 505  norvel        xx..x...xx..x..x..x..x...x..x..x...x/4          |1234|1234|1234|1234|1234|1234|12…  1
 506  norvel        xx...x....x...x...x...x...x...x...x....…        |1234|1234|1234|1234|1234|1234|12…  0
 507  norvel        x...xx....x...xx...xxx...x....x...x...x…        |1234|1234|1234|1234|1234|1234|12…  0
 508  norvel        x..x...x...xx..xx..xx..xxx..x...x..x/5          |1234|1234|1234|1234|1234|1234|12…  1
 509  norvel        x..xxx...x...x..x...xx...xx..xx..x...xx…        |1234|1234|1234|1234|1234|1234|12…  0

per-name tally this round
name             presented correct  hit-rate
norvel                 510     194     38.0%
