Centaur Zendo round 3 (training)
round_id : 902d747661b94ceba98e11c42e434ae5
written  : 2026-09-04 22:17:09Z
presented=507  answered=507  correct=47  skipped=0
client answer latency: mean 0.122 ms  median 0.115 ms  max 1.485 ms  (n=508)

 idx  name          clue                                      answer                                    score
------------------------------------------------------------------------------------------------------------
   0  norvel        x...x..x...xx..x..x..x..x..x...x..xx/6          |1234|1234|1234|1234|1234|1234|12…  0
   1  norvel        x.....x....x.....x....x....x....x....x.…        |1234|1234|1234|1234|1234|1234|12…  0
   2  norvel        x..x..x..xx...x..x..x..x..x..xxx/6              |1234|1234|1234|1234|1234|1234|12…  0
   3  norvel        x...xx...xx....x....xx...x....x....x/5          |1234|1234|1234|1234|1234|1234|12…  0
   4  norvel        x...x..x...x..x..x...x..x..x/4                  |1234|1234|1234|1234|1234|1234|12…  0
   5  norvel        xx...x...xx....x...xx...xx...x...xx...x…        |1234|1234|1234|1234|1234|1234|12…  0
   6  norvel        x...xx...x...x...x....x...x....x...x/3          |1234|1234|1234|1234|1234|1234|12…  0
   7  norvel        x..x..x..x...x..x..x..x...xx/4                  |1234|1234|1234|1234|1234|1234|12…  0
   8  norvel        x...x..x...x...x...xx..xx..xx..x/5              |1234|1234|1234|1234|1234|1234|12…  0
   9  norvel        x....x....x....x...xx...x...x....xx...x…        |1234|1234|1234|1234|1234|1234|12…  0
  10  norvel        x...x...x...xxx....x...x...x...x...x...…        |1234|1234|1234|1234|1234|1234|12…  0
  11  norvel        xx....x....x.....x.....x....x....x.....…        |1234|1234|1234|1234|1234|1234|12…  0
  12  norvel        x..x..x..x..xxx...xx..xx..xx...x/4              |1234|1234|1234|1234|1234|1234|12…  0
  13  norvel        x..xx...x..x..x..x...x...x...x..x..x/5          |1234|1234|1234|1234|1234|1234|12…  1
  14  norvel        x....xxx....x....xxx...x....xx...x...xx…        |1234|1234|1234|1234|1234|1234|12…  0
  15  norvel        x...x...x...x....x....x...x...x...x....…        |1234|1234|1234|1234|1234|1234|12…  0
  16  norvel        x...x..xxx..x..x..x...x..xxx..x...x..xx…        |1234|1234|1234|1234|1234|1234|12…  0
  17  norvel        x...xx...x...x...x....x....x...x...x...…        |1234|1234|1234|1234|1234|1234|12…  0
  18  norvel        x..xx...xx..xx..x..xx..xx..x/2                  |1234|1234|1234|1234|1234|1234|12…  0
  19  norvel        x..x...xx...xx...x...x..xx..x..x...xx..…        |1234|1234|1234|1234|1234|1234|12…  0
  20  norvel        xx..x..x..x..x..xx...x..x..x/6                  |1234|1234|1234|1234|1234|1234|12…  0
  21  norvel        x..x...x..xx..x..x..x...xx..x..x/5              |1234|1234|1234|1234|1234|1234|12…  0
  22  norvel        x...x..xx..x...x..x..x...x...x..x..x/5          |1234|1234|1234|1234|1234|1234|12…  0
  23  norvel        x...xx....x...x...x...x...x...xx...x/5          |1234|1234|1234|1234|1234|1234|12…  0
  24  norvel        xx....xx....x...x....x....x...x....x/3          |1234|1234|1234|1234|1234|1234|12…  0
  25  norvel        x...x...xx..x..xx..xx...x..x...xx..x/7          |1234|1234|1234|1234|1234|1234|12…  0
  26  norvel        x....x....xx....x...xx....x...xx...x...…        |1234|1234|1234|1234|1234|1234|12…  0
  27  norvel        xx..xx..xx...x..x...x..x..x..x..x..x/7          |1234|1234|1234|1234|1234|1234|12…  0
  28  norvel        xx...x...x..xx..x...x..x..xx..xx/2              |1234|1234|1234|1234|1234|1234|12…  0
  29  norvel        x...xx...xx...xx....xx...xx...xx...x...…        |1234|1234|1234|1234|1234|1234|12…  0
  30  norvel        x...x..x..x..x..x..x..x..x..x..x/5              |1234|1234|1234|1234|1234|1234|12…  0
  31  norvel        x..xx...x..xx..xx...x...xxx..xxx...x/5          |1234|1234|1234|1234|1234|1234|12…  0
  32  norvel        x....xx...x....x....x....xx...x...x...x…        |1234|1234|1234|1234|1234|1234|12…  0
  33  norvel        x...xx...xx...x...x...x....x...x/5              |1234|1234|1234|1234|1234|1234|12…  0
  34  norvel        x....x...xx...x...xx....xx....xxx....xx…        |1234|1234|1234|1234|1234|1234|12…  0
  35  norvel        x..x...x..xx..xx..xx..x..xxx..xx/4              |1234|1234|1234|1234|1234|1234|12…  0
  36  norvel        xx...x...x....x...x...x...x...x....x...…        |1234|1234|1234|1234|1234|1234|12…  0
  37  norvel        x...xx....xxx...xx....x...xx....x...xx.…        |1234|1234|1234|1234|1234|1234|12…  0
  38  norvel        x...x...x...xx....x...x....x....xx....x…        |1234|1234|1234|1234|1234|1234|12…  0
  39  norvel        x..x..xx...x..xx...xx..x..xx..xxx..xx..…        |1234|1234|1234|1234|1234|1234|12…  0
  40  norvel        x....x....x...xx...x....x...x....x....x…        |1234|1234|1234|1234|1234|1234|12…  0
  41  norvel        x....x...x....x...x...x...x....x...x...…        |1234|1234|1234|1234|1234|1234|12…  0
  42  norvel        x...x..xx..x..x...x...x..xxx/5                  |1234|1234|1234|1234|1234|1234|12…  0
  43  norvel        x....xx....x....x....x....x.....x....xx…        |1234|1234|1234|1234|1234|1234|12…  0
  44  norvel        x....x....x....xx....x.....xx....xx....…        |1234|1234|1234|1234|1234|1234|12…  0
  45  norvel        x....xx....x....x.....xx....x.....xx...…        |1234|1234|1234|1234|1234|1234|12…  0
  46  norvel        x...x....x....x...x...x...x...x...x...x…        |1234|1234|1234|1234|1234|1234|12…  0
  47  norvel        x..x...x..xx..xx..x...xx...x...x/2              |1234|1234|1234|1234|1234|1234|12…  0
  48  norvel        x..x..x..x..xx..xx..x...x..x/2                  |1234|1234|1234|1234|1234|1234|12…  0
  49  norvel        x....x...x...x...x...xxx...x....xx....x…        |1234|1234|1234|1234|1234|1234|12…  0
  50  norvel        x..x..x..x..x..x..x...x..x..x..x/4              |1234|1234|1234|1234|1234|1234|12…  0
  51  norvel        x...x...xxx...x...x....x....x....x....x…        |1234|1234|1234|1234|1234|1234|12…  0
  52  norvel        x...x...xx....x...x...x...x...xx...x...…        |1234|1234|1234|1234|1234|1234|12…  0
  53  norvel        x....xx...x....x...x...xx...x...x....x.…        |1234|1234|1234|1234|1234|1234|12…  0
  54  norvel        x..x..x..x..x..x...x..x..xx...xx/4              |1234|1234|1234|1234|1234|1234|12…  0
  55  norvel        x..xxx..xx..xx..x..x..x...xx..xx..xx/4          |1234|1234|1234|1234|1234|1234|12…  0
  56  norvel        x...x...x....x....x...x....x...x...x...…        |1234|1234|1234|1234|1234|1234|12…  0
  57  norvel        x....x...x....x....x...x...x...x...x/2          |1234|1234|1234|1234|1234|1234|12…  1
  58  norvel        x...xx..xx..x..xxx...x...x..x..x/2              |1234|1234|1234|1234|1234|1234|12…  1
  59  norvel        xx..x..xx..x..x..x..x...x..xx..x..xx/6          |1234|1234|1234|1234|1234|1234|12…  0
  60  norvel        x..x..xx...x...x...xx..xx..xx..x/2              |1234|1234|1234|1234|1234|1234|12…  0
  61  norvel        x...x...x...x...x...x...xx...x...xx....…        |1234|1234|1234|1234|1234|1234|12…  1
  62  norvel        x...xx....x....x....x....x....xx...x...…        |1234|1234|1234|1234|1234|1234|12…  0
  63  norvel        x...x..x..x..x..x...x...x..x/2                  |1234|1234|1234|1234|1234|1234|12…  0
  64  norvel        x...x...x....x...x...x...x....x....x...…        |1234|1234|1234|1234|1234|1234|12…  0
  65  norvel        xx...x...x..xx..x..x..x...xx..xx/4              |1234|1234|1234|1234|1234|1234|12…  0
  66  norvel        x..xx..x..xx..x..x..xxx...x...xx/5              |1234|1234|1234|1234|1234|1234|12…  0
  67  norvel        x....x...x....x...x...x....x...x/2              |1234|1234|1234|1234|1234|1234|12…  0
  68  norvel        x....x....x....x....xx....x....x.....x.…        |1234|1234|1234|1234|1234|1234|12…  0
  69  norvel        x...x...xx...x...x....x....x...x...x/5          |1234|1234|1234|1234|1234|1234|12…  0
  70  norvel        x...x...x...x...x....xx...x...x....x...…        |1234|1234|1234|1234|1234|1234|12…  0
  71  norvel        x...xx...x...xx...x...x...x...x....x...…        |1234|1234|1234|1234|1234|1234|12…  0
  72  norvel        xx...xx....x....xx...xxx...x...x....xxx…        |1234|1234|1234|1234|1234|1234|12…  0
  73  norvel        x...x..x...x...x...x..x...x..x..x..x/4          |1234|1234|1234|1234|1234|1234|12…  0
  74  norvel        x..x..x..x..x..x..x...x..x..x..x/4              |1234|1234|1234|1234|1234|1234|12…  0
  75  norvel        x...x..x...x...x...x...x...x/5                  |1234|1234|1234|1234|1234|1234|12…  0
  76  norvel        x..x..xx..x...x..xx..x...xx..x..x..x/5          |1234|1234|1234|1234|1234|1234|12…  0
  77  norvel        xx...x..xx...x..x..x..x...xx...x/2              |1234|1234|1234|1234|1234|1234|12…  1
  78  norvel        x...x....xx....x....xx...x....x...x....…        |1234|1234|1234|1234|1234|1234|12…  0
  79  norvel        x..xx...x..xx..x..x..x..x...x..x/5              |1234|1234|1234|1234|1234|1234|12…  0
  80  norvel        x...x..x...xx..x..x...x..x...xx...xx/7          |1234|1234|1234|1234|1234|1234|12…  0
  81  norvel        x....x...x....x....x....x....x...x....x…        |1234|1234|1234|1234|1234|1234|12…  0
  82  norvel        xx...x....x....x...x...x...x...x...x/5          |1234|1234|1234|1234|1234|1234|12…  0
  83  norvel        x....xx...xx...x...xx....xx....xx...xxx…        |1234|1234|1234|1234|1234|1234|12…  0
  84  norvel        xx....x....x...x....xx....xx...x...x/2          |1234|1234|1234|1234|1234|1234|12…  0
  85  norvel        x..x..x..x..x...x..x..x..x..x..x/4              |1234|1234|1234|1234|1234|1234|12…  0
  86  norvel        x...x....x....x....x...x...x...x...x...…        |1234|1234|1234|1234|1234|1234|12…  0
  87  norvel        x....x....x....x....x....x....x....x...…        |1234|1234|1234|1234|1234|1234|12…  0
  88  norvel        x....x...xx...x....x....x....xx...x....…        |1234|1234|1234|1234|1234|1234|12…  0
  89  norvel        x..x...x..x...x..xxx..x..x..x..x/5              |1234|1234|1234|1234|1234|1234|12…  0
  90  norvel        x....x....x....x....x....x.....xx....x.…        |1234|1234|1234|1234|1234|1234|12…  0
  91  norvel        x....x....x....x....xx....x.....x....x.…        |1234|1234|1234|1234|1234|1234|12…  0
  92  norvel        xx....x....x...x...x...x...xx...xx...xx…        |1234|1234|1234|1234|1234|1234|12…  0
  93  norvel        x...x...xx...x...xx...x....x...x/5              |1234|1234|1234|1234|1234|1234|12…  0
  94  norvel        x...xx..x..x...xx..x..xxx..xxx..x..xx..…        |1234|1234|1234|1234|1234|1234|12…  0
  95  norvel        x...x....x....xx....x...x....xx...x...x…        |1234|1234|1234|1234|1234|1234|12…  0
  96  norvel        x...x...x..x..x...x..x..x...x...x..x/7          |1234|1234|1234|1234|1234|1234|12…  0
  97  norvel        x..x..x...x..xxx..xx..x..x...x..x..x/5          |1234|1234|1234|1234|1234|1234|12…  0
  98  norvel        x....x...xx....x...x....x...xx....x...x…        |1234|1234|1234|1234|1234|1234|12…  0
  99  norvel        x.....x....xx.....xx....xxx.....x....x.…        |1234|1234|1234|1234|1234|1234|12…  0
 100  norvel        x...x...x....x....x...xxx....x...xx...x…        |1234|1234|1234|1234|1234|1234|12…  0
 101  norvel        x..xx..x..xxx...xx..x..xx..x..xx/4              |1234|1234|1234|1234|1234|1234|12…  1
 102  norvel        x..xx..x...x..x..x..xx..x..x...x/5              |1234|1234|1234|1234|1234|1234|12…  0
 103  norvel        x..xx..xx..xx...x..x..xxx..x..xx...xx..…        |1234|1234|1234|1234|1234|1234|12…  1
 104  norvel        x....x...x...x...x....x...x...xx...x...…        |1234|1234|1234|1234|1234|1234|12…  0
 105  norvel        xx....x...x...x....x...x...x...x...x/3          |1234|1234|1234|1234|1234|1234|12…  0
 106  norvel        x....x...xxx....x...xxx...x....xxx....x…        |1234|1234|1234|1234|1234|1234|12…  0
 107  norvel        x..x...x...x...xxx..x..x..xx/5                  |1234|1234|1234|1234|1234|1234|12…  0
 108  norvel        x....xx....x....x....x....x.....xx.....…        |1234|1234|1234|1234|1234|1234|12…  0
 109  norvel        x...x....x...x...x...x....xx...x...x...…        |1234|1234|1234|1234|1234|1234|12…  0
 110  norvel        x.....xx....xx....x....xx....x....x....…        |1234|1234|1234|1234|1234|1234|12…  0
 111  norvel        x...x....xxx...x...x...xxx...xx....x/3          |1234|1234|1234|1234|1234|1234|12…  0
 112  norvel        xx..x..x...x..xx...x..x..x...xxx/2              |1234|1234|1234|1234|1234|1234|12…  0
 113  norvel        xxx...x...x...x...x....x...xx....xx...x…        |1234|1234|1234|1234|1234|1234|12…  0
 114  norvel        x...x....x....x...x...x...x...x....x...…        |1234|1234|1234|1234|1234|1234|12…  0
 115  norvel        x...x...x..x..x..x...x..x..xx..x...x/5          |1234|1234|1234|1234|1234|1234|12…  0
 116  norvel        xx....x...xx...x...xx...x...x...x...xx.…        |1234|1234|1234|1234|1234|1234|12…  0
 117  norvel        xxx...xx...x..x..xx..xx..xx..x..xx..x..…        |1234|1234|1234|1234|1234|1234|12…  0
 118  norvel        x..xx...x..x...x..x...xxx...x...x..x..x…        |1234|1234|1234|1234|1234|1234|12…  0
 119  norvel        x..xx..x..xx...xx..x..xxx..xxx..x..x...…        |1234|1234|1234|1234|1234|1234|12…  1
 120  norvel        x..x...xx...x..x..xx...x..x..xxx/4              |1234|1234|1234|1234|1234|1234|12…  0
 121  norvel        x..x...x..x...x...xx...x..xxx..x/2              |1234|1234|1234|1234|1234|1234|12…  1
 122  norvel        x...x..x..x..x..x...xx..x..xx..x..xx/4          |1234|1234|1234|1234|1234|1234|12…  0
 123  norvel        x...x....x....x...x...x....x...x...x...…        |1234|1234|1234|1234|1234|1234|12…  0
 124  norvel        x....xxx....x...x...x...x...x...xx...xx…        |1234|1234|1234|1234|1234|1234|12…  0
 125  norvel        x....xx....x...x...x...x...x...xxx....x…        |1234|1234|1234|1234|1234|1234|12…  0
 126  norvel        x..x..xx...x..x...x..x..x..xxx...xx...x…        |1234|1234|1234|1234|1234|1234|12…  0
 127  norvel        x...xx....x...x...x...x...x....x...x...…        |1234|1234|1234|1234|1234|1234|12…  0
 128  norvel        x..x..x..xx...x..x...x..x..x...x/4              |1234|1234|1234|1234|1234|1234|12…  1
 129  norvel        x...x..x...x..x...x...x..x..x..x/7              |1234|1234|1234|1234|1234|1234|12…  0
 130  norvel        x..x...x...x..x..x..x..x...x...x...x/4          |1234|1234|1234|1234|1234|1234|12…  0
 131  norvel        x...xxx...xx...xx...x....xx....xxx....x…        |1234|1234|1234|1234|1234|1234|12…  0
 132  norvel        x..xx...xx..xx..x..x..xx..xx..xx/2              |1234|1234|1234|1234|1234|1234|12…  0
 133  norvel        xx...xx...xxx..x..x..xx...xx...x...x...…        |1234|1234|1234|1234|1234|1234|12…  0
 134  norvel        x....x...x...x....xx...x...x...xx...x..…        |1234|1234|1234|1234|1234|1234|12…  0
 135  norvel        x..x..x..x..x..x..x..x..x...x..x/6              |1234|1234|1234|1234|1234|1234|12…  0
 136  norvel        x..x..x..x..x..xxx...x..x..x...x/5              |1234|1234|1234|1234|1234|1234|12…  0
 137  norvel        xx....xx...xxx...x...x...xx...x...xx/3          |1234|1234|1234|1234|1234|1234|12…  0
 138  norvel        x...x..xx..xx..x...xx...x..x/2                  |1234|1234|1234|1234|1234|1234|12…  1
 139  norvel        x..xx...x..x..xx...x..x...x..x..x..x/8          |1234|1234|1234|1234|1234|1234|12…  0
 140  norvel        x...x....xx...x...x...xx....x...xx....x…        |1234|1234|1234|1234|1234|1234|12…  0
 141  norvel        x...x..x..x...x...x..x..x..x/6                  |1234|1234|1234|1234|1234|1234|12…  0
 142  norvel        x..x...xx..xx..x...xx...x...x..x...x/6          |1234|1234|1234|1234|1234|1234|12…  0
 143  norvel        x..x..xx..xx...x...x..xx..xx/4                  |1234|1234|1234|1234|1234|1234|12…  0
 144  norvel        xx..x..xx...x..x...x..xxx...x..x/2              |1234|1234|1234|1234|1234|1234|12…  0
 145  norvel        x...x...x...x...x...xx..x...x...x..x/6          |1234|1234|1234|1234|1234|1234|12…  0
 146  norvel        x...x....xx...x....xx....x....x...x...x…        |1234|1234|1234|1234|1234|1234|12…  0
 147  norvel        x...x..x..x..x..x..xxx..xx..x..x/7              |1234|1234|1234|1234|1234|1234|12…  0
 148  norvel        x....xx...xx...x...x...x...x...xx...x..…        |1234|1234|1234|1234|1234|1234|12…  0
 149  norvel        x...xx...x....x...x...x...x...x...xx/2          |1234|1234|1234|1234|1234|1234|12…  0
 150  norvel        x...x..x..x..x..x...x...x...x...x..x/6          |1234|1234|1234|1234|1234|1234|12…  0
 151  norvel        x..x..xx..x...xx..x..xxx..xx/5                  |1234|1234|1234|1234|1234|1234|12…  1
 152  norvel        x...x...x....xx...xx...xx....x....xx/5          |1234|1234|1234|1234|1234|1234|12…  0
 153  norvel        xx...x....xx....x...x...x....x...xx...x…        |1234|1234|1234|1234|1234|1234|12…  0
 154  norvel        x...x...x...x...x..x...x...x/5                  |1234|1234|1234|1234|1234|1234|12…  0
 155  norvel        x..x...x..x..x...x...x..x..xx...x..x/5          |1234|1234|1234|1234|1234|1234|12…  0
 156  norvel        xx..x..x..x...x...x..x...x..x...x..x/5          |1234|1234|1234|1234|1234|1234|12…  0
 157  norvel        x...x..x...x...x...x...xx..xx..x/6              |1234|1234|1234|1234|1234|1234|12…  1
 158  norvel        xx...x...x....x...x....x....x...x....x.…        |1234|1234|1234|1234|1234|1234|12…  0
 159  norvel        x..x..xx...xx..x...x...x...x...x...x...…        |1234|1234|1234|1234|1234|1234|12…  0
 160  norvel        x...x...xx....xx....xx....x...x...xx...…        |1234|1234|1234|1234|1234|1234|12…  1
 161  norvel        x...xx...xx....x...x...x....x...x...xx.…        |1234|1234|1234|1234|1234|1234|12…  0
 162  norvel        x.....x....x.....x....x....x....x....x.…        |1234|1234|1234|1234|1234|1234|12…  0
 163  norvel        x..xx...x...x...x..x..x..x..x...x..x/5          |1234|1234|1234|1234|1234|1234|12…  0
 164  norvel        x..x..x..xxx..x...x..x..xx..x..x/5              |1234|1234|1234|1234|1234|1234|12…  0
 165  norvel        x...x..x..x..x..xx..x...x..x/4                  |1234|1234|1234|1234|1234|1234|12…  0
 166  norvel        x...x....x...x....xx...x...x...x...x/5          |1234|1234|1234|1234|1234|1234|12…  0
 167  norvel        xx...xxx...x...x...x..x...xxx..xx..x...…        |1234|1234|1234|1234|1234|1234|12…  0
 168  norvel        xx...x..x...x..x..x...x...xx..xx/2              |1234|1234|1234|1234|1234|1234|12…  0
 169  norvel        x....x....x....x.....x....x....x....x..…        |1234|1234|1234|1234|1234|1234|12…  0
 170  norvel        x..x...x..x..x...x...x..x..xx..x/7              |1234|1234|1234|1234|1234|1234|12…  0
 171  norvel        x...x..x...x..x..xx..xx..x..x..xx..x/5          |1234|1234|1234|1234|1234|1234|12…  0
 172  norvel        x...x...xx....xx....x...xx....x....x/2          |1234|1234|1234|1234|1234|1234|12…  0
 173  norvel        x...x..x...x...x..xx..x..xxx..xx/6              |1234|1234|1234|1234|1234|1234|12…  1
 174  norvel        xx....x....xx....x...x...xxx....xx....x…        |1234|1234|1234|1234|1234|1234|12…  0
 175  norvel        xx....x.....xx....xx.....xx.....x....x.…        |1234|1234|1234|1234|1234|1234|12…  0
 176  norvel        x...xx....x....x...x...x...xx...xxx...x…        |1234|1234|1234|1234|1234|1234|12…  0
 177  norvel        x..xx...x..x..x..x..xx..x...x..xx..x/5          |1234|1234|1234|1234|1234|1234|12…  0
 178  norvel        x...x....x...x...x....x...x...x...x....…        |1234|1234|1234|1234|1234|1234|12…  0
 179  norvel        x....x....x...x...x....xx...xx...x...x.…        |1234|1234|1234|1234|1234|1234|12…  0
 180  norvel        x..x..x..x..x..x...x..xx..xx/2                  |1234|1234|1234|1234|1234|1234|12…  0
 181  norvel        xxx...xx....xxx...x....x....x...xx....x…        |1234|1234|1234|1234|1234|1234|12…  0
 182  norvel        x...xx...x..xx...xx..x...xxx..xx..xx/6          |1234|1234|1234|1234|1234|1234|12…  0
 183  norvel        x....x...x...xx...x...x...x...x...x...x…        |1234|1234|1234|1234|1234|1234|12…  0
 184  norvel        x..x..x..x...x..x...x..x...x/6                  |1234|1234|1234|1234|1234|1234|12…  0
 185  norvel        xx....x.....x.....x....x.....xx....x...…        |1234|1234|1234|1234|1234|1234|12…  0
 186  norvel        x...x...x....xxx...x...x....x....x....x…        |1234|1234|1234|1234|1234|1234|12…  0
 187  norvel        xx...x...x...x...x....x...x...x...xx/2          |1234|1234|1234|1234|1234|1234|12…  0
 188  norvel        xx....x...x....x....x...x....x....xx/3          |1234|1234|1234|1234|1234|1234|12…  0
 189  norvel        x..xxx..xx..xx..xx...x..x..xx..x/4              |1234|1234|1234|1234|1234|1234|12…  1
 190  norvel        xx...x..x..x...x..x..x..x..x...x/4              |1234|1234|1234|1234|1234|1234|12…  0
 191  norvel        x...x..x...x..x...x...x...x..x..x..x/7          |1234|1234|1234|1234|1234|1234|12…  0
 192  norvel        x...xx...xx..xxx..x...xx..x...xx/5              |1234|1234|1234|1234|1234|1234|12…  0
 193  norvel        x....x...x...x...x...x...x....x....x...…        |1234|1234|1234|1234|1234|1234|12…  0
 194  norvel        xxx..x...x...x..x..x..x...xx..xx...xx..…        |1234|1234|1234|1234|1234|1234|12…  0
 195  norvel        x...x...x...x....x....x...x....x...x/2          |1234|1234|1234|1234|1234|1234|12…  0
 196  norvel        x...x...x...xx...x...x....x...x...x....…        |1234|1234|1234|1234|1234|1234|12…  0
 197  norvel        x...xx..xx...x..x..x..xxx..x..x...xx...…        |1234|1234|1234|1234|1234|1234|12…  1
 198  norvel        x...x...xx...xx...x...x...x...x....x...…        |1234|1234|1234|1234|1234|1234|12…  0
 199  norvel        x...xx..xx..x..x..x..x..x..x/5                  |1234|1234|1234|1234|1234|1234|12…  0
 200  norvel        x...xx...x....x...x...x...x...xx...x/3          |1234|1234|1234|1234|1234|1234|12…  1
 201  norvel        x...xx..x...x...xx..x..x...x...x...x...…        |1234|1234|1234|1234|1234|1234|12…  0
 202  norvel        x....x...x....x...x...x...x....x...x/2          |1234|1234|1234|1234|1234|1234|12…  0
 203  norvel        x....x....x....xx...x...x...x....x....x…        |1234|1234|1234|1234|1234|1234|12…  0
 204  norvel        x...x....x...x...x...xx....x...x...x...…        |1234|1234|1234|1234|1234|1234|12…  0
 205  norvel        x.....x....x.....x.....x....x....x....x…        |1234|1234|1234|1234|1234|1234|12…  0
 206  norvel        x....x....x....x....x.....x....x.....x.…        |1234|1234|1234|1234|1234|1234|12…  0
 207  norvel        x...x...x...x...x...x...xx....xx...x/6          |1234|1234|1234|1234|1234|1234|12…  0
 208  norvel        x...x...xx..x..x...x...x...x...x/4              |1234|1234|1234|1234|1234|1234|12…  0
 209  norvel        x...x..x...x..x..x..x...x...x..x/7              |1234|1234|1234|1234|1234|1234|12…  0
 210  norvel        x...x...x...x...x....x...x....x....x/2          |1234|1234|1234|1234|1234|1234|12…  0
 211  norvel        x....x...x...x....x...x...x...x...x....…        |1234|1234|1234|1234|1234|1234|12…  0
 212  norvel        x.....xx....x....x....x....x....x....xx…        |1234|1234|1234|1234|1234|1234|12…  0
 213  norvel        x..x..x..xx..xx...xxx...xx...xxx/5              |1234|1234|1234|1234|1234|1234|12…  1
 214  norvel        x...x..xx..x..x...x...x...xxx..x/2              |1234|1234|1234|1234|1234|1234|12…  1
 215  norvel        x....x...x...x...xx...xx...x...x...x/3          |1234|1234|1234|1234|1234|1234|12…  0
 216  norvel        x...x....x...xx...xx...x...xx...xx...x.…        |1234|1234|1234|1234|1234|1234|12…  0
 217  norvel        x..xx..x..x..xx..xxx...x..xxx..x/6              |1234|1234|1234|1234|1234|1234|12…  0
 218  norvel        x...x...x...xx...xx...xx....x...x...xx.…        |1234|1234|1234|1234|1234|1234|12…  0
 219  norvel        x...xx...xx...x...x...x....x...x/2              |1234|1234|1234|1234|1234|1234|12…  0
 220  norvel        x...x...x...x...x...x...x....xx....x...…        |1234|1234|1234|1234|1234|1234|12…  0
 221  norvel        xxx..x...xx..x...xx..x..x...x..x/2              |1234|1234|1234|1234|1234|1234|12…  0
 222  norvel        xx...x..xx..x..x..x..x..x...x..x...x/4          |1234|1234|1234|1234|1234|1234|12…  0
 223  norvel        x....xx....x...x....x...x....x...xx....…        |1234|1234|1234|1234|1234|1234|12…  0
 224  norvel        x....xx....x....x.....x.....x.....x....…        |1234|1234|1234|1234|1234|1234|12…  0
 225  norvel        x...x...x...x...x....xx...xxx...x....xx…        |1234|1234|1234|1234|1234|1234|12…  0
 226  norvel        x...x...x...x...x...xx....xx...x...x/2          |1234|1234|1234|1234|1234|1234|12…  0
 227  norvel        x...x...x....x....x....xx....x...x....x…        |1234|1234|1234|1234|1234|1234|12…  0
 228  norvel        xx..xx..x..x...xx..x...x..x...xxx...x..…        |1234|1234|1234|1234|1234|1234|12…  0
 229  norvel        xx...x..x..x..x...xx..x...xxx..x..xx..x…        |1234|1234|1234|1234|1234|1234|12…  1
 230  norvel        x..x...xx..x...xx..x...x..x..x..x..x/6          |1234|1234|1234|1234|1234|1234|12…  0
 231  norvel        x..x...x...x...x..x..x...x...x..x..x/4          |1234|1234|1234|1234|1234|1234|12…  0
 232  norvel        x..x...xx..x...x..x...x..xx..x..x..x/6          |1234|1234|1234|1234|1234|1234|12…  0
 233  norvel        x...x....x...x...x...x...x...x....x....…        |1234|1234|1234|1234|1234|1234|12…  0
 234  norvel        x....x...x....xx....x....x....xx...x/3          |1234|1234|1234|1234|1234|1234|12…  0
 235  norvel        x...xxx....xx...x...xx....xx...x....xx.…        |1234|1234|1234|1234|1234|1234|12…  0
 236  norvel        x...x...xx...xx...x....x...x...x...x/2          |1234|1234|1234|1234|1234|1234|12…  0
 237  norvel        x...x..x...x..x..x..xx..x..x/4                  |1234|1234|1234|1234|1234|1234|12…  1
 238  norvel        x..x..xx...x...x...x...x..xx..x..x...xx…        |1234|1234|1234|1234|1234|1234|12…  0
 239  norvel        x....x...xxx...xx...x....x...x...x...xx…        |1234|1234|1234|1234|1234|1234|12…  0
 240  norvel        x..x...x..xx..x...x...x..x..x..x/4              |1234|1234|1234|1234|1234|1234|12…  1
 241  norvel        x...x...xx...x...xx...x...x...x....x...…        |1234|1234|1234|1234|1234|1234|12…  0
 242  norvel        xx...x....x...x...xx...xx...xxx...x...x…        |1234|1234|1234|1234|1234|1234|12…  0
 243  norvel        xxx...x....x....xxx...x....xxx....x...x…        |1234|1234|1234|1234|1234|1234|12…  0
 244  norvel        x..x..x..x...x...x...x..x..x/2                  |1234|1234|1234|1234|1234|1234|12…  0
 245  norvel        xx...x..xx..xx..x..x..xx..x..xxx/2              |1234|1234|1234|1234|1234|1234|12…  1
 246  norvel        x....x...x...x....x....xx...x...x....x.…        |1234|1234|1234|1234|1234|1234|12…  0
 247  norvel        x....x...x...x...x...x...xx...xx...x...…        |1234|1234|1234|1234|1234|1234|12…  0
 248  norvel        xx..x..xx..xx..x..xx..xx..x...x...x...x…        |1234|1234|1234|1234|1234|1234|12…  0
 249  norvel        x..x..x...x..xx..x..x...xx...xx...xx..x…        |1234|1234|1234|1234|1234|1234|12…  0
 250  norvel        x...x...x..x...x..x..x..x...x..x...x/8          |1234|1234|1234|1234|1234|1234|12…  0
 251  norvel        xx.....x.....x....xx....xx....xx.....x.…        |1234|1234|1234|1234|1234|1234|12…  0
 252  norvel        xx....x...x...x...x...x...x....x...x/3          |1234|1234|1234|1234|1234|1234|12…  0
 253  norvel        x...x..x...x..x..x...x..x..x/2                  |1234|1234|1234|1234|1234|1234|12…  1
 254  norvel        x..x...x..x...x..x...x...x..x..x/6              |1234|1234|1234|1234|1234|1234|12…  0
 255  norvel        x...x...x...xx...x...x....x...xx/2              |1234|1234|1234|1234|1234|1234|12…  0
 256  norvel        x...x....x...x...x....x...x...x....x...…        |1234|1234|1234|1234|1234|1234|12…  0
 257  norvel        x...x...x..x..x..x..xx...x..x...x..x/8          |1234|1234|1234|1234|1234|1234|12…  0
 258  norvel        x..x..x..x..x..x..x..x...xxx/2                  |1234|1234|1234|1234|1234|1234|12…  0
 259  norvel        x...x..x..x..x..xxx...x..x..x..xx..x/5          |1234|1234|1234|1234|1234|1234|12…  0
 260  norvel        x...x..xx...x...x..x...xx...x..x/6              |1234|1234|1234|1234|1234|1234|12…  0
 261  norvel        xx...xx...xx..xx..x..x...x...x..xx..x..…        |1234|1234|1234|1234|1234|1234|12…  0
 262  norvel        xx...x..x..x..x..xx..x..xx..x..x/6              |1234|1234|1234|1234|1234|1234|12…  0
 263  norvel        x..x...x...xx..x..x..xx..x..x..x/4              |1234|1234|1234|1234|1234|1234|12…  0
 264  norvel        xx....x...xx....x...xx...xxx....x...xx.…        |1234|1234|1234|1234|1234|1234|12…  0
 265  norvel        x....xxx...x...xx...xx...xx...xx...x/3          |1234|1234|1234|1234|1234|1234|12…  0
 266  norvel        x...x....x...x...x...x...x...x...x....x…        |1234|1234|1234|1234|1234|1234|12…  0
 267  norvel        xx...x...xxx..x...x...x..x..xx..x..x..x…        |1234|1234|1234|1234|1234|1234|12…  0
 268  norvel        x...x....x....x...x....x...x...x...x...…        |1234|1234|1234|1234|1234|1234|12…  0
 269  norvel        x....xx...xx...xx...x....x...xx...xx...…        |1234|1234|1234|1234|1234|1234|12…  0
 270  norvel        x..xx...x..x..x...x..xx...x..x..x..x/8          |1234|1234|1234|1234|1234|1234|12…  0
 271  norvel        x....xx....x....x.....x....x....xx....x…        |1234|1234|1234|1234|1234|1234|12…  0
 272  norvel        x....x...x...x...x...x...x....x....x/6          |1234|1234|1234|1234|1234|1234|12…  0
 273  norvel        x...x..x..x...x..x..xx..xxx..x..x..x/6          |1234|1234|1234|1234|1234|1234|12…  0
 274  norvel        xx..x...x..xx..xx...x..x...x/2                  |1234|1234|1234|1234|1234|1234|12…  0
 275  norvel        x...x..x..x...x...x...x..x..x..x...x/4          |1234|1234|1234|1234|1234|1234|12…  0
 276  norvel        x..xxx...x..x...xxx..x..x..xx..x..x...x…        |1234|1234|1234|1234|1234|1234|12…  0
 277  norvel        x...xx....xx....x....x....x...xx...x...…        |1234|1234|1234|1234|1234|1234|12…  0
 278  norvel        x..x..x..x...x...x..x...x...x..x/6              |1234|1234|1234|1234|1234|1234|12…  0
 279  norvel        xxx..xx...x..x..x..x...x..x..xxx/5              |1234|1234|1234|1234|1234|1234|12…  0
 280  norvel        xx..x..xx...x..xxx..x...x..x..xx...x..x…        |1234|1234|1234|1234|1234|1234|12…  0
 281  norvel        x....x...xx...x....xx...x...xx...xxx...…        |1234|1234|1234|1234|1234|1234|12…  0
 282  norvel        x.....xx....x.....x....xx.....x.....x..…        |1234|1234|1234|1234|1234|1234|12…  0
 283  norvel        x..x..xx..x..x...x..x...x..x..x...xx/4          |1234|1234|1234|1234|1234|1234|12…  0
 284  norvel        x...x...x....xxx...x...xx....x....x....…        |1234|1234|1234|1234|1234|1234|12…  0
 285  norvel        xx...x...x....xxx...x...x....x...x...x.…        |1234|1234|1234|1234|1234|1234|12…  0
 286  norvel        xx....x...xx...x...x....xxx...xx...x/3          |1234|1234|1234|1234|1234|1234|12…  0
 287  norvel        x...x....x...x....x...x....x...x...x/6          |1234|1234|1234|1234|1234|1234|12…  0
 288  norvel        x...x...xx...x...xx....x...x...x...x...…        |1234|1234|1234|1234|1234|1234|12…  0
 289  norvel        x..xx..x..x..x..xx..x..x..x...xx...x/4          |1234|1234|1234|1234|1234|1234|12…  0
 290  norvel        x...x....x....x...x...x....x...x/5              |1234|1234|1234|1234|1234|1234|12…  0
 291  norvel        x....x....x....x...x...x...x...x...x/2          |1234|1234|1234|1234|1234|1234|12…  0
 292  norvel        x...x...x..x..x...xx..xx...x/5                  |1234|1234|1234|1234|1234|1234|12…  0
 293  norvel        x..xx..x...x...xxx..x...xx..x...xx..x..…        |1234|1234|1234|1234|1234|1234|12…  1
 294  norvel        x..x..x...x...x...xx..x...x...xx..x...x…        |1234|1234|1234|1234|1234|1234|12…  0
 295  norvel        x....xx....xx....xx...x...x...xxx...x..…        |1234|1234|1234|1234|1234|1234|12…  0
 296  norvel        x...x....x....x...xx...x....x....xx....…        |1234|1234|1234|1234|1234|1234|12…  0
 297  norvel        x...x...x....x...x....x...x...x...x...x…        |1234|1234|1234|1234|1234|1234|12…  0
 298  norvel        x....x....x.....x....x.....x.....x.....…        |1234|1234|1234|1234|1234|1234|12…  0
 299  norvel        x..x...xx..x..x..x..x..x..x...xx...x/6          |1234|1234|1234|1234|1234|1234|12…  0
 300  norvel        x...xx...x...x....x...xx...x...x...x/5          |1234|1234|1234|1234|1234|1234|12…  0
 301  norvel        x...x...x...xxx....x....x....x....x...x…        |1234|1234|1234|1234|1234|1234|12…  1
 302  norvel        x....xx....x...xx....x....x...x...x....…        |1234|1234|1234|1234|1234|1234|12…  0
 303  norvel        xx...x..xx...x..x..x..x...x..x..x..x/4          |1234|1234|1234|1234|1234|1234|12…  0
 304  norvel        x..x...xx..x...x..xx...x...x..xx...x/6          |1234|1234|1234|1234|1234|1234|12…  0
 305  norvel        x...x...x...x..x..x...x...x..x..x..x/4          |1234|1234|1234|1234|1234|1234|12…  0
 306  norvel        x..x...x..xx..xx..x..x..x..xx..x...x/7          |1234|1234|1234|1234|1234|1234|12…  0
 307  norvel        x....x.....x....x....x.....x....x.....x…        |1234|1234|1234|1234|1234|1234|12…  0
 308  norvel        x....x...x...x...x....x...x....x/5              |1234|1234|1234|1234|1234|1234|12…  0
 309  norvel        xx...x..x...xx..x...x..x..x..x..x..x/6          |1234|1234|1234|1234|1234|1234|12…  1
 310  norvel        x....xx...x...x...x...x...x....x/3              |1234|1234|1234|1234|1234|1234|12…  0
 311  norvel        x.....xx....x....x....x....x....x....x.…        |1234|1234|1234|1234|1234|1234|12…  0
 312  norvel        xx...xx..x..xxx..x..xx..x..x..xx/2              |1234|1234|1234|1234|1234|1234|12…  0
 313  norvel        x...x..x..x..x..x...x..x...x/4                  |1234|1234|1234|1234|1234|1234|12…  0
 314  norvel        xxx...xx...x...xx...xxx...x....x...x...…        |1234|1234|1234|1234|1234|1234|12…  0
 315  norvel        x....xxx...x....x....x...x...x....x....…        |1234|1234|1234|1234|1234|1234|12…  0
 316  norvel        x...xx....x....x...x....x...x....x...xx…        |1234|1234|1234|1234|1234|1234|12…  0
 317  norvel        x..x..x..x...xx..x..xx..x..x/4                  |1234|1234|1234|1234|1234|1234|12…  1
 318  norvel        xx...x...x..x..x..x...xx..xx/5                  |1234|1234|1234|1234|1234|1234|12…  0
 319  norvel        x....x....x....x....x....x.....xxx....x…        |1234|1234|1234|1234|1234|1234|12…  0
 320  norvel        x...xx...x....xx...x...x...x....xx....x…        |1234|1234|1234|1234|1234|1234|12…  0
 321  norvel        x....xx....x.....x....x....x....xx....x…        |1234|1234|1234|1234|1234|1234|12…  0
 322  norvel        xx....xx...x...xx...x....x....x...x...x…        |1234|1234|1234|1234|1234|1234|12…  0
 323  norvel        xx...xx...xxx..xx..xx..x..x..x..x..x/4          |1234|1234|1234|1234|1234|1234|12…  0
 324  norvel        x..x..x..xx..xx..xxx...x..x..x...xx...x…        |1234|1234|1234|1234|1234|1234|12…  0
 325  norvel        xx....x....x....x....xx...xx...x...x/2          |1234|1234|1234|1234|1234|1234|12…  0
 326  norvel        xx...x...x....x....x...x...xx...xx...x.…        |1234|1234|1234|1234|1234|1234|12…  0
 327  norvel        x..x...xx...x..x..x..x...xxx/2                  |1234|1234|1234|1234|1234|1234|12…  0
 328  norvel        x...x...x....x...x...x...xx...x...x...x…        |1234|1234|1234|1234|1234|1234|12…  0
 329  norvel        x..x..xx..xx...x...xx..x..xx/4                  |1234|1234|1234|1234|1234|1234|12…  0
 330  norvel        x..x..x...xx...xx..x..x..x..x...x..x/5          |1234|1234|1234|1234|1234|1234|12…  0
 331  norvel        xx...x...xx....x....xxx...xx...x...x/3          |1234|1234|1234|1234|1234|1234|12…  0
 332  norvel        xxx...x...x...x....x....x...x...xx...xx…        |1234|1234|1234|1234|1234|1234|12…  0
 333  norvel        x..x...x..x..x...x...x..x...x..x/6              |1234|1234|1234|1234|1234|1234|12…  0
 334  norvel        x...x..x...x...xx...x...xx..x..xx..x..x…        |1234|1234|1234|1234|1234|1234|12…  0
 335  norvel        x..x..xx..xx..xx...xx..xxx..x..x/2              |1234|1234|1234|1234|1234|1234|12…  0
 336  norvel        x...x..x...x..x..x..x...x..x/4                  |1234|1234|1234|1234|1234|1234|12…  1
 337  norvel        xx...x....x...x...x....x...x...x...x...…        |1234|1234|1234|1234|1234|1234|12…  0
 338  norvel        xx....xx...x...x...xx...x...xxx...xx/2          |1234|1234|1234|1234|1234|1234|12…  0
 339  norvel        x...xx...xx...x...xx....x...x....x...xx…        |1234|1234|1234|1234|1234|1234|12…  0
 340  norvel        xx..xx..x..x...xx..x..xx...x..xx...xx..…        |1234|1234|1234|1234|1234|1234|12…  0
 341  norvel        x....x...xx...xx...xx....x...xx....x...…        |1234|1234|1234|1234|1234|1234|12…  0
 342  norvel        x...xx..x..x..xx...xx..x...xx..x/2              |1234|1234|1234|1234|1234|1234|12…  0
 343  norvel        x...x....x...x...x....x...x....x....x..…        |1234|1234|1234|1234|1234|1234|12…  0
 344  norvel        xxx...x...x...x...x...x....x...x...x/3          |1234|1234|1234|1234|1234|1234|12…  1
 345  norvel        x.....xx....x....x....x....x....x.....x…        |1234|1234|1234|1234|1234|1234|12…  0
 346  norvel        x..x..x..x..x..x..x...x...xx...x/5              |1234|1234|1234|1234|1234|1234|12…  0
 347  norvel        x....x....xx...x...x...x...x...x...x...…        |1234|1234|1234|1234|1234|1234|12…  0
 348  norvel        x..xx..x..x..x..x..xx...xx...xx...xx..x…        |1234|1234|1234|1234|1234|1234|12…  0
 349  norvel        x..x..x..x...xx..x..xx..x...x..xx..x/4          |1234|1234|1234|1234|1234|1234|12…  1
 350  norvel        x..x..x..x...x..x..x...x...xx..x/7              |1234|1234|1234|1234|1234|1234|12…  0
 351  norvel        x...xx....x...x...x...x...x...x....x...…        |1234|1234|1234|1234|1234|1234|12…  0
 352  norvel        x...xx....x...x....x....x....x....xx...…        |1234|1234|1234|1234|1234|1234|12…  0
 353  norvel        x...x...x...x....xx...x...x...x...xx/2          |1234|1234|1234|1234|1234|1234|12…  0
 354  norvel        x..x..x..x..x..x...x...x...x/6                  |1234|1234|1234|1234|1234|1234|12…  0
 355  norvel        xx...x....x...xxx....xx...xx...x...x...…        |1234|1234|1234|1234|1234|1234|12…  0
 356  norvel        x....x...x...x...x...x....x....x...x/6          |1234|1234|1234|1234|1234|1234|12…  0
 357  norvel        x..xx..x...xx..x...x..x...xxx...x..x/6          |1234|1234|1234|1234|1234|1234|12…  1
 358  norvel        x....x...x...x...xx....x....xx...xx...x…        |1234|1234|1234|1234|1234|1234|12…  0
 359  norvel        x..x...x..x..x...x..xx...x..x...x..x/5          |1234|1234|1234|1234|1234|1234|12…  0
 360  norvel        xx....x....xx...xx...x...x...x...xx....…        |1234|1234|1234|1234|1234|1234|12…  1
 361  norvel        x....x.....xxx....x....xx....xx....x...…        |1234|1234|1234|1234|1234|1234|12…  0
 362  norvel        x....x...xx...x...x....x...x...xx....xx…        |1234|1234|1234|1234|1234|1234|12…  0
 363  norvel        x...x...x...xx....x....x...x...x...x/5          |1234|1234|1234|1234|1234|1234|12…  0
 364  norvel        x....x...x...xx....x...xx....xx....x/2          |1234|1234|1234|1234|1234|1234|12…  0
 365  norvel        x...x...x....x...x....x...x...x...x...x…        |1234|1234|1234|1234|1234|1234|12…  0
 366  norvel        x.....x....xx.....x.....xx.....x.....x.…        |1234|1234|1234|1234|1234|1234|12…  0
 367  norvel        x.....xx....x.....xx....x.....x....xx..…        |1234|1234|1234|1234|1234|1234|12…  0
 368  norvel        x..x...xx...x..x..x...x...x...xx...x/4          |1234|1234|1234|1234|1234|1234|12…  1
 369  norvel        x...xx..x..xx...x..xxx..x..xx..x...x...…        |1234|1234|1234|1234|1234|1234|12…  0
 370  norvel        x..x..x..x..x..x..x..x...x..x..x/6              |1234|1234|1234|1234|1234|1234|12…  0
 371  norvel        x...x...x....x...x...x....xx...x...x/3          |1234|1234|1234|1234|1234|1234|12…  0
 372  norvel        x....x...x....x...x...x...x....x...x...…        |1234|1234|1234|1234|1234|1234|12…  0
 373  norvel        x...x....x....x...x...x...x...x....x...…        |1234|1234|1234|1234|1234|1234|12…  0
 374  norvel        x....x....x...x...x...x...x...x....x/2          |1234|1234|1234|1234|1234|1234|12…  0
 375  norvel        x..x...x..xx...x..x..x..x..xx..x..xx/7          |1234|1234|1234|1234|1234|1234|12…  0
 376  norvel        x...x...x...x...x...x....x....x....x/2          |1234|1234|1234|1234|1234|1234|12…  0
 377  norvel        xx...xxx...xx...x....xx...x...xx...x/5          |1234|1234|1234|1234|1234|1234|12…  0
 378  norvel        x....x....x....x....x.....x....x.....x.…        |1234|1234|1234|1234|1234|1234|12…  0
 379  norvel        x....x....x....xx....x....x.....x....x.…        |1234|1234|1234|1234|1234|1234|12…  0
 380  norvel        xx.....x....x....x....x....x....xx....x…        |1234|1234|1234|1234|1234|1234|12…  0
 381  norvel        x...x...xx....x...x...xx...x...x...x/2          |1234|1234|1234|1234|1234|1234|12…  1
 382  norvel        x....x....xx...x....x...xx...x...x...x.…        |1234|1234|1234|1234|1234|1234|12…  0
 383  norvel        x...x...x...x...x...x....xx...xx/3              |1234|1234|1234|1234|1234|1234|12…  0
 384  norvel        x...x..x..x...xx..x..x..x..x..xx/6              |1234|1234|1234|1234|1234|1234|12…  0
 385  norvel        x...xxx....x...xx....x...x...x...x...x.…        |1234|1234|1234|1234|1234|1234|12…  0
 386  norvel        x....x....x....x.....xx....x....x....xx…        |1234|1234|1234|1234|1234|1234|12…  0
 387  norvel        x..x..x...x..x..x..x..xx...x/4                  |1234|1234|1234|1234|1234|1234|12…  0
 388  norvel        x...x...x...x...xx....x...xx...x/2              |1234|1234|1234|1234|1234|1234|12…  0
 389  norvel        xxx...x..xx...x...xx...xx..xx..x..xx...…        |1234|1234|1234|1234|1234|1234|12…  0
 390  norvel        x....x...x...x...x...x....x....x...x...…        |1234|1234|1234|1234|1234|1234|12…  0
 391  norvel        x....x...x....x....x....x....x....x...x…        |1234|1234|1234|1234|1234|1234|12…  0
 392  norvel        xx...xx..x..x...x...x...xx...x..x..x/6          |1234|1234|1234|1234|1234|1234|12…  0
 393  norvel        xx..x..x..x..xx..x...x..x..xx..x/6              |1234|1234|1234|1234|1234|1234|12…  0
 394  norvel        x...xx..x..x..x...xx...x...x/5                  |1234|1234|1234|1234|1234|1234|12…  0
 395  norvel        x..xxx...x...xx...xxx...xx..xx...x..x..…        |1234|1234|1234|1234|1234|1234|12…  0
 396  norvel        x....xxx...xxx...x....xx...x....x...x..…        |1234|1234|1234|1234|1234|1234|12…  0
 397  norvel        x....x....xxx....x....x....xx.....x....…        |1234|1234|1234|1234|1234|1234|12…  0
 398  norvel        x....x...x...xx....x....x...x...x....xx…        |1234|1234|1234|1234|1234|1234|12…  0
 399  norvel        x...x...x....x...x...x....x...x....x/2          |1234|1234|1234|1234|1234|1234|12…  0
 400  norvel        x...xx..xxx..xx...xx...xx..xx..x/5              |1234|1234|1234|1234|1234|1234|12…  0
 401  norvel        xx...x..x..x...x..x..x..xx..x..x...x/5          |1234|1234|1234|1234|1234|1234|12…  0
 402  norvel        xx...xxx....x...x....x...x....x...x....…        |1234|1234|1234|1234|1234|1234|12…  0
 403  norvel        xxx...x...xx...x...xx...x...xx....x...x…        |1234|1234|1234|1234|1234|1234|12…  0
 404  norvel        xx...xx...x..xx...xx..x..x..x..x/2              |1234|1234|1234|1234|1234|1234|12…  0
 405  norvel        x..x...x...x..x..x..x..x..xx/4                  |1234|1234|1234|1234|1234|1234|12…  1
 406  norvel        x....x.....x....x.....x....x....x....x.…        |1234|1234|1234|1234|1234|1234|12…  0
 407  norvel        x..x...x..x...x..x...x..x..x/6                  |1234|1234|1234|1234|1234|1234|12…  0
 408  norvel        x.....x.....x.....x....x....x....x....x…        |1234|1234|1234|1234|1234|1234|12…  0
 409  norvel        x...x...x..x..x...x..x...x...x..x..x/6          |1234|1234|1234|1234|1234|1234|12…  0
 410  norvel        x...x....x...x...x...x....x...x...x...x…        |1234|1234|1234|1234|1234|1234|12…  0
 411  norvel        x..x..x..x...xxx..xxx...x..xx..x/5              |1234|1234|1234|1234|1234|1234|12…  0
 412  norvel        xx..xx..x..x...x..x...xx...x...xx..x/6          |1234|1234|1234|1234|1234|1234|12…  0
 413  norvel        x...x...xx...xx....x....x....x...x...xx…        |1234|1234|1234|1234|1234|1234|12…  0
 414  norvel        xx....x...x...x...x...x...xx....xxx....…        |1234|1234|1234|1234|1234|1234|12…  0
 415  norvel        xx...x...x....x...x....xx....x....xx...…        |1234|1234|1234|1234|1234|1234|12…  0
 416  norvel        xx..x..x...x..x...xxx...x...x...x..x...…        |1234|1234|1234|1234|1234|1234|12…  0
 417  norvel        x...x...xx....x...xxx...xx...x...x...xx…        |1234|1234|1234|1234|1234|1234|12…  0
 418  norvel        xx...x...x...xx...x....xxx....xxx....xx…        |1234|1234|1234|1234|1234|1234|12…  0
 419  norvel        x..x...x...x..xx..x..xx...x..x..x..x/5          |1234|1234|1234|1234|1234|1234|12…  0
 420  norvel        x...x....x...x...x...x....x...x...xxx..…        |1234|1234|1234|1234|1234|1234|12…  0
 421  norvel        xx..x..xx..x..x..x..x..x...xx..x..xx/6          |1234|1234|1234|1234|1234|1234|12…  0
 422  norvel        x...x....x...x....x...x...x....x....x..…        |1234|1234|1234|1234|1234|1234|12…  0
 423  norvel        x...x....x....x...xx...x...x...x...x...…        |1234|1234|1234|1234|1234|1234|12…  0
 424  norvel        x...x..x..x...x..x..xx...x..x..x/5              |1234|1234|1234|1234|1234|1234|12…  0
 425  norvel        x..x..x...x..x..x..x..xx...xx...x..x/4          |1234|1234|1234|1234|1234|1234|12…  0
 426  norvel        xxx....x.....x....x....xx....xx.....xx.…        |1234|1234|1234|1234|1234|1234|12…  0
 427  norvel        x.....x....x....x.....x....x....x.....x…        |1234|1234|1234|1234|1234|1234|12…  0
 428  norvel        xx...x....xx...xx...x...x...x...xx...xx…        |1234|1234|1234|1234|1234|1234|12…  0
 429  norvel        xx..x..x...xx...x..x..xx..xx...x..xxx..…        |1234|1234|1234|1234|1234|1234|12…  1
 430  norvel        xx...x...x...x...xx...x...x...x...x....…        |1234|1234|1234|1234|1234|1234|12…  0
 431  norvel        x...x....x...x....xxx...xx....x....xx..…        |1234|1234|1234|1234|1234|1234|12…  0
 432  norvel        x..xx..x..x..x..x..xx..x..x...xx...x/5          |1234|1234|1234|1234|1234|1234|12…  1
 433  norvel        x...xxx..xxx..x...xxx...xx..x..x/2              |1234|1234|1234|1234|1234|1234|12…  1
 434  norvel        x...x...x...x...x...x....x....xx...x...…        |1234|1234|1234|1234|1234|1234|12…  0
 435  norvel        x....x....x...x....x....x...x...x....x.…        |1234|1234|1234|1234|1234|1234|12…  0
 436  norvel        x...x..x..x...x..x..x..x...x/2                  |1234|1234|1234|1234|1234|1234|12…  0
 437  norvel        xx....xx...xx....xx....xx...xx....x...x…        |1234|1234|1234|1234|1234|1234|12…  0
 438  norvel        x....x...x...x....x....x....x....xx...x…        |1234|1234|1234|1234|1234|1234|12…  0
 439  norvel        x..x..x..xxx..x...x..x..x...x..x/6              |1234|1234|1234|1234|1234|1234|12…  0
 440  norvel        x....x....xx.....x....xx....xx....x....…        |1234|1234|1234|1234|1234|1234|12…  0
 441  norvel        xx...x....x....x...x...x...x...x...x/3          |1234|1234|1234|1234|1234|1234|12…  0
 442  norvel        xx...x....x...x...x...x...x...xx...x/2          |1234|1234|1234|1234|1234|1234|12…  0
 443  norvel        x....x....x....x...x...x...x...x...x/6          |1234|1234|1234|1234|1234|1234|12…  0
 444  norvel        x...x..xxx..xx...x...xx..xx..x...xxx/5          |1234|1234|1234|1234|1234|1234|12…  0
 445  norvel        x...xxx....xx....x....x...x...x....xx..…        |1234|1234|1234|1234|1234|1234|12…  0
 446  norvel        x...x..x..xx...xx..xxx..xx..x...x..xx..…        |1234|1234|1234|1234|1234|1234|12…  0
 447  norvel        x...x...x...x...x...x....x...x...x....x…        |1234|1234|1234|1234|1234|1234|12…  0
 448  norvel        xxx...xx...xx...xx..x..x...x...x...xx..…        |1234|1234|1234|1234|1234|1234|12…  0
 449  norvel        x...xx...x...x...x....x...x....x/3              |1234|1234|1234|1234|1234|1234|12…  0
 450  norvel        x...x...xx...x....x...x...x...x...x...x…        |1234|1234|1234|1234|1234|1234|12…  0
 451  norvel        x...xx....x...x...x...x...x....x...x/3          |1234|1234|1234|1234|1234|1234|12…  0
 452  norvel        x...xx...x...xx...x...xx....xx...x...xx…        |1234|1234|1234|1234|1234|1234|12…  0
 453  norvel        xxx...xx..xxx..x..x..xx..x..x...x..x/6          |1234|1234|1234|1234|1234|1234|12…  0
 454  norvel        x....x....x...x...x...x...x....x/2              |1234|1234|1234|1234|1234|1234|12…  0
 455  norvel        xx....xxx.....x....xx....xxx....x....xx…        |1234|1234|1234|1234|1234|1234|12…  0
 456  norvel        x..xx..x..x...x..x..x..x..xx...xx..x/4          |1234|1234|1234|1234|1234|1234|12…  0
 457  norvel        x...x...x...x...x....x...xx...x....x...…        |1234|1234|1234|1234|1234|1234|12…  0
 458  norvel        x..x...x..x..x..x..x..x...xxx..x/4              |1234|1234|1234|1234|1234|1234|12…  0
 459  norvel        x....x...x....x....xxx...x...x...x...x.…        |1234|1234|1234|1234|1234|1234|12…  0
 460  norvel        xx...x..xx..xx..x...x..xx...x..x/2              |1234|1234|1234|1234|1234|1234|12…  0
 461  norvel        xx...x..x..xx..xx..x..x..x..x..x/5              |1234|1234|1234|1234|1234|1234|12…  1
 462  norvel        x...x...x...xx...x...x....x...xx...x/6          |1234|1234|1234|1234|1234|1234|12…  0
 463  norvel        x...x..x...xx...x..xx..xxx..xx..x..x/7          |1234|1234|1234|1234|1234|1234|12…  0
 464  norvel        x...x...x...x...x....x....x....x...x...…        |1234|1234|1234|1234|1234|1234|12…  0
 465  norvel        x...x...xxx...x...x...xxx...xx...x...x.…        |1234|1234|1234|1234|1234|1234|12…  0
 466  norvel        x....x....x...x...x...x...x...x....x...…        |1234|1234|1234|1234|1234|1234|12…  0
 467  norvel        x..xx...x..x...x...x..x..x..x..x/5              |1234|1234|1234|1234|1234|1234|12…  0
 468  norvel        x....xx...x...x...xx....x...x....x....x…        |1234|1234|1234|1234|1234|1234|12…  0
 469  norvel        x..xx...xx..x..x..xxx..x...xx...x..x/4          |1234|1234|1234|1234|1234|1234|12…  1
 470  norvel        x..x..x...x...x..x..x...x..x...x...x/6          |1234|1234|1234|1234|1234|1234|12…  0
 471  norvel        xx....x...x...x...x....x...x...x...x...…        |1234|1234|1234|1234|1234|1234|12…  0
 472  norvel        x...x..x..x..x...x...x...x...x..x..x/7          |1234|1234|1234|1234|1234|1234|12…  0
 473  norvel        x..xxx..xx..x...xxx..x..xx..x..x/6              |1234|1234|1234|1234|1234|1234|12…  0
 474  norvel        x..xx..xx...x..xxx..x...x..xx..xx...x..…        |1234|1234|1234|1234|1234|1234|12…  0
 475  norvel        x...xx...x....x...x....xxx...x...xxx/3          |1234|1234|1234|1234|1234|1234|12…  0
 476  norvel        x....xx...xx...x....x....x...x....x...x…        |1234|1234|1234|1234|1234|1234|12…  0
 477  norvel        x...xx..x..x..x...x..xx..x..xx..x..x/6          |1234|1234|1234|1234|1234|1234|12…  1
 478  norvel        x...xxx...x....xx...x....xx...x...x...x…        |1234|1234|1234|1234|1234|1234|12…  0
 479  norvel        x..x..x..x..x..x...x...x...x...x/6              |1234|1234|1234|1234|1234|1234|12…  0
 480  norvel        xx....x...x...x....x...x....x...x....x.…        |1234|1234|1234|1234|1234|1234|12…  0
 481  norvel        x...x...x..x...x...x..x...x..x..x..x/8          |1234|1234|1234|1234|1234|1234|12…  0
 482  norvel        x...x...x...x...xx...xx....x...x/5              |1234|1234|1234|1234|1234|1234|12…  0
 483  norvel        xx...x...xx...x...x...xxx....x...x...xx…        |1234|1234|1234|1234|1234|1234|12…  0
 484  norvel        x....x...x....x...x...x...xx...x/3              |1234|1234|1234|1234|1234|1234|12…  0
 485  norvel        x...xx..xx..x..x..x..xxx...x..xx/4              |1234|1234|1234|1234|1234|1234|12…  1
 486  norvel        x...x...xx...x...x...x...x....xx/3              |1234|1234|1234|1234|1234|1234|12…  0
 487  norvel        xx...x..xxx...xx...xx...x..x...x/4              |1234|1234|1234|1234|1234|1234|12…  0
 488  norvel        xx...xx...x...x....xx....x....x...x....…        |1234|1234|1234|1234|1234|1234|12…  0
 489  norvel        x....xx...x...x...x...x...x...x...x...x…        |1234|1234|1234|1234|1234|1234|12…  0
 490  norvel        x...x..x..x..x..x...x..x...x...x...x/7          |1234|1234|1234|1234|1234|1234|12…  0
 491  norvel        x..x...x..x...xxx..xx..x..xx...xx..x/4          |1234|1234|1234|1234|1234|1234|12…  0
 492  norvel        x..x...x..x..x...x..x...x...x...x..x/4          |1234|1234|1234|1234|1234|1234|12…  0
 493  norvel        x...x...x...x...x..x..xxx...x..x/4              |1234|1234|1234|1234|1234|1234|12…  1
 494  norvel        x...xx..x...x..xx..x..x...xx/2                  |1234|1234|1234|1234|1234|1234|12…  0
 495  norvel        x..x..x..x..x..x..x..x..x..x...x/6              |1234|1234|1234|1234|1234|1234|12…  0
 496  norvel        x...x....x....x...x...x....x...x...x/6          |1234|1234|1234|1234|1234|1234|12…  0
 497  norvel        x....x...x....xx....x....x...xx...xx...…        |1234|1234|1234|1234|1234|1234|12…  1
 498  norvel        x...x..xx..x...xx...xxx..xxx..xx/5              |1234|1234|1234|1234|1234|1234|12…  0
 499  norvel        x..x..x...x...x..x..x..x...x/6                  |1234|1234|1234|1234|1234|1234|12…  0
 500  norvel        x..x..xxx..x..x..xx..xx..xxx..x...xx/7          |1234|1234|1234|1234|1234|1234|12…  0
 501  norvel        xx....x....x...x...x...x...x...x...x/3          |1234|1234|1234|1234|1234|1234|12…  0
 502  norvel        x...x..x..x...x...x...x..x..x..xx..x/7          |1234|1234|1234|1234|1234|1234|12…  0
 503  norvel        x..x..x..xx..xx..x...x..x..xx..x..xx/4          |1234|1234|1234|1234|1234|1234|12…  1
 504  norvel        xx....x....x....xx....xx....x.....x....…        |1234|1234|1234|1234|1234|1234|12…  0
 505  norvel        x.....x....x....x....x....xx....x....xx…        |1234|1234|1234|1234|1234|1234|12…  0
 506  norvel        x...x..xx..x..x..x..x..xx...x..x/5              |1234|1234|1234|1234|1234|1234|12…  0

per-name tally this round
name             presented correct  hit-rate
norvel                 507      47      9.3%
