Centaur Zendo round 2 (training)
round_id : 85b7cfa1577342b5b0ec10ecf503717e
written  : 2026-09-04 22:12:46Z
presented=480  answered=480  correct=65  skipped=0
client answer latency: mean 0.128 ms  median 0.124 ms  max 1.244 ms  (n=480)

 idx  name          clue                                      answer                                    score
------------------------------------------------------------------------------------------------------------
   0  norvel        xx...x...x...x....x...x....x....x....xx…        |1234|1234|1234|1234|1234|1234|12…  0
   1  norvel        xx....x....xx....x...x...x....xxx...xx.…        |1234|1234|1234|1234|1234|1234|12…  0
   2  norvel        xx..x..x..x..x..x...xxx...x...xx..xx/7          |1234|1234|1234|1234|1234|1234|12…  0
   3  norvel        x....x...x...x....x...x....x...x...x...…        |1234|1234|1234|1234|1234|1234|12…  0
   4  norvel        x..x..x..x...x...x..x...xx...x..x..x/5          |1234|1234|1234|1234|1234|1234|12…  0
   5  norvel        x.....x.....x....x....x....x....x.....x…        |1234|1234|1234|1234|1234|1234|12…  0
   6  norvel        x...xx...xx...xx...x...x...xx...xx...x.…        |1234|1234|1234|1234|1234|1234|12…  0
   7  norvel        xxx..xx...xx...xx..x..xx...x..xx/2              |1234|1234|1234|1234|1234|1234|12…  0
   8  norvel        x...x..x...x..x...x...x..x..x..x...x/4          |1234|1234|1234|1234|1234|1234|12…  1
   9  norvel        x..x...x..x..x..x...x...x..x/6                  |1234|1234|1234|1234|1234|1234|12…  0
  10  norvel        x...x..x..x..x..xx..x..xx..x/2                  |1234|1234|1234|1234|1234|1234|12…  0
  11  norvel        x....x....x.....xxx.....x.....x....x...…        |1234|1234|1234|1234|1234|1234|12…  0
  12  norvel        x..x...xxx..xx...x..x..xx..x..xxx..x..x…        |1234|1234|1234|1234|1234|1234|12…  1
  13  norvel        x...xx..x..xx..x..xx...xx...xxx...xx/6          |1234|1234|1234|1234|1234|1234|12…  0
  14  norvel        x...xx...x....x...xx....x....x....x...x…        |1234|1234|1234|1234|1234|1234|12…  0
  15  norvel        x...x...xx...x...x...xx...xxx...xxx....…        |1234|1234|1234|1234|1234|1234|12…  0
  16  norvel        x..x..x..x..x...x...x..xx...x...x..x/5          |1234|1234|1234|1234|1234|1234|12…  0
  17  norvel        x....x...xx....x...x...xx...xx...x...xx…        |1234|1234|1234|1234|1234|1234|12…  0
  18  norvel        x..x..x..x..x..x..x...x..x..x..x/4              |1234|1234|1234|1234|1234|1234|12…  0
  19  norvel        x..x...x...x..x..x..x..x..x...x..xxx/5          |1234|1234|1234|1234|1234|1234|12…  1
  20  norvel        x....x...x....x...x...xx....x....x...x.…        |1234|1234|1234|1234|1234|1234|12…  0
  21  norvel        x...x...x....x...x...x....x....x/2              |1234|1234|1234|1234|1234|1234|12…  0
  22  norvel        xx...x....x....xx....x...x...x....x....…        |1234|1234|1234|1234|1234|1234|12…  0
  23  norvel        x...x...x...x...x....x....x...x...x....…        |1234|1234|1234|1234|1234|1234|12…  0
  24  norvel        xx.....xxx....x....x....x....xxx....xx.…        |1234|1234|1234|1234|1234|1234|12…  0
  25  norvel        x...xx..x...x...x..x..xx...x/5                  |1234|1234|1234|1234|1234|1234|12…  0
  26  norvel        x....x....x.....x....x....x....x.....x.…        |1234|1234|1234|1234|1234|1234|12…  0
  27  norvel        x....x...x...x...x...x...x...x...x....x…        |1234|1234|1234|1234|1234|1234|12…  0
  28  norvel        x....x....x....xx.....xx....x....xx....…        |1234|1234|1234|1234|1234|1234|12…  0
  29  norvel        x...x...x...x...x....x...x...xx...xx/3          |1234|1234|1234|1234|1234|1234|12…  0
  30  norvel        x..x...xx..x...x...xx...x..x..xx..xx..x…        |1234|1234|1234|1234|1234|1234|12…  0
  31  norvel        x....x...x...xx....x....x....x...x...x.…        |1234|1234|1234|1234|1234|1234|12…  0
  32  norvel        x..x..x..x...x...x...x...x..x...x..x/8          |1234|1234|1234|1234|1234|1234|12…  0
  33  norvel        xx...x....xx...x....xx....x...xxx....xx…        |1234|1234|1234|1234|1234|1234|12…  0
  34  norvel        x..x...x..x..x..x..x..x...xx/5                  |1234|1234|1234|1234|1234|1234|12…  0
  35  norvel        x...x...xx....x...x...x....x...x...x/5          |1234|1234|1234|1234|1234|1234|12…  0
  36  norvel        xxx...x....xxx....x...xx....x...xx....x…        |1234|1234|1234|1234|1234|1234|12…  0
  37  norvel        x...xx..x..x...xx...xx..x..x..x...xx...…        |1234|1234|1234|1234|1234|1234|12…  0
  38  norvel        x...x...x....x....x...x...x...x...x....…        |1234|1234|1234|1234|1234|1234|12…  0
  39  norvel        x....x....x...x...x....x...x...x...x...…        |1234|1234|1234|1234|1234|1234|12…  0
  40  norvel        x.....x....x....x.....x....x....x.....x…        |1234|1234|1234|1234|1234|1234|12…  0
  41  norvel        x....x...x....x...x...x...x...xx...x...…        |1234|1234|1234|1234|1234|1234|12…  0
  42  norvel        xxx...x...x...x...xxx....x...x...x...x.…        |1234|1234|1234|1234|1234|1234|12…  0
  43  norvel        xx...x...x...x...x....x...x...x...xx...…        |1234|1234|1234|1234|1234|1234|12…  0
  44  norvel        x...x....x...x...x....x...x....x...x...…        |1234|1234|1234|1234|1234|1234|12…  0
  45  norvel        xx..x..x..xx...xx...x..x...x/2                  |1234|1234|1234|1234|1234|1234|12…  0
  46  norvel        x...x....x....x...x...x...x....x...x/2          |1234|1234|1234|1234|1234|1234|12…  0
  47  norvel        x..x...x...x...x...x...x..xx...x/5              |1234|1234|1234|1234|1234|1234|12…  0
  48  norvel        xx....xx....x.....xx.....x....xx....x..…        |1234|1234|1234|1234|1234|1234|12…  0
  49  norvel        xx..x...x..xxx..x...xx...x..xx..x..x..x…        |1234|1234|1234|1234|1234|1234|12…  0
  50  norvel        x..x...x..xx..xx..x..xx..x..x..xx..x/4          |1234|1234|1234|1234|1234|1234|12…  0
  51  norvel        xx..x..x..xx...xx...x..x...x/2                  |1234|1234|1234|1234|1234|1234|12…  1
  52  norvel        x..x..x..x..x..x..x..x...x..x..x/6              |1234|1234|1234|1234|1234|1234|12…  0
  53  norvel        x...x..x..x...x...x..x..x..xx..x/4              |1234|1234|1234|1234|1234|1234|12…  0
  54  norvel        xx....xx....xx...x....x...x....xx...xx.…        |1234|1234|1234|1234|1234|1234|12…  0
  55  norvel        x..x..x..x...x..x..xx..x...x/4                  |1234|1234|1234|1234|1234|1234|12…  0
  56  norvel        x..xx...x..x..xx...xx..x...x...x/2              |1234|1234|1234|1234|1234|1234|12…  1
  57  norvel        x...xx....x...x...x...xx...x...x/3              |1234|1234|1234|1234|1234|1234|12…  0
  58  norvel        xx.....x.....x....x....x.....xx....x...…        |1234|1234|1234|1234|1234|1234|12…  0
  59  norvel        x...x...x...x..x...x...x...x/4                  |1234|1234|1234|1234|1234|1234|12…  1
  60  norvel        x.....xx.....x....xx.....x....x....xx..…        |1234|1234|1234|1234|1234|1234|12…  0
  61  norvel        x...x...x....x...x...x...x....x....x...…        |1234|1234|1234|1234|1234|1234|12…  0
  62  norvel        xxx...xx...x....x...x...xx...xx...xx...…        |1234|1234|1234|1234|1234|1234|12…  0
  63  norvel        x...x....x....x...x...x....x...x...x/2          |1234|1234|1234|1234|1234|1234|12…  0
  64  norvel        x..x..x..x..x...x...x...x..x..x...xx/5          |1234|1234|1234|1234|1234|1234|12…  0
  65  norvel        xx..x...x..xxx..xx..x..xx..x/5                  |1234|1234|1234|1234|1234|1234|12…  0
  66  norvel        x....x...xx....x...x...x....x...xx....x…        |1234|1234|1234|1234|1234|1234|12…  0
  67  norvel        xx...xx..x..xx..xx..xx...xx..x..x..x...…        |1234|1234|1234|1234|1234|1234|12…  1
  68  norvel        x...xx..x..xx...x...x..x..x..x..x..x/8          |1234|1234|1234|1234|1234|1234|12…  0
  69  norvel        x..xx..x...x..x..x..x...x...x..x/4              |1234|1234|1234|1234|1234|1234|12…  0
  70  norvel        x..x..x..x...x..x..x..xx...x/4                  |1234|1234|1234|1234|1234|1234|12…  0
  71  norvel        x..xx...x..xx..x..x..x..x..x/4                  |1234|1234|1234|1234|1234|1234|12…  0
  72  norvel        x...x...x....x...x....x...x....x/2              |1234|1234|1234|1234|1234|1234|12…  1
  73  norvel        xx..x...x..x..xx..x..xxx..xx/2                  |1234|1234|1234|1234|1234|1234|12…  0
  74  norvel        xxx..xxx..x..x..x..x...x..xx/5                  |1234|1234|1234|1234|1234|1234|12…  0
  75  norvel        x....x....x...x...xx....xx...xx...x....…        |1234|1234|1234|1234|1234|1234|12…  0
  76  norvel        x..x..x...x..x..x..xxx..x...x..xx..x/5          |1234|1234|1234|1234|1234|1234|12…  1
  77  norvel        x..x..x...x..x..x...xx..x..x/4                  |1234|1234|1234|1234|1234|1234|12…  0
  78  norvel        x..x..x..xx...x..x...x...x..x...x..x/5          |1234|1234|1234|1234|1234|1234|12…  0
  79  norvel        xx..x..x..x...x...x...xx...xx..x...x/6          |1234|1234|1234|1234|1234|1234|12…  0
  80  norvel        x...x...xxx..x..xx..x...x..x/5                  |1234|1234|1234|1234|1234|1234|12…  1
  81  norvel        x..x..x..x...x..x..x...x...x...x/7              |1234|1234|1234|1234|1234|1234|12…  0
  82  norvel        x..x..x..x..xx...x..x..x..xx/5                  |1234|1234|1234|1234|1234|1234|12…  0
  83  norvel        x....xx...x....xx...x....x...x...xx...x…        |1234|1234|1234|1234|1234|1234|12…  0
  84  norvel        x....x....x....x...x...x...x....x....x.…        |1234|1234|1234|1234|1234|1234|12…  0
  85  norvel        x...x..x..x..x..x...x...x..x/4                  |1234|1234|1234|1234|1234|1234|12…  0
  86  norvel        x...x...x...x....x...x....x...x...x....…        |1234|1234|1234|1234|1234|1234|12…  0
  87  norvel        x....x....x.....x.....x....x....x....x.…        |1234|1234|1234|1234|1234|1234|12…  0
  88  norvel        xx..x..x..xx..x..x..x...x..x/4                  |1234|1234|1234|1234|1234|1234|12…  1
  89  norvel        x...xx...x...x...x...x...x...x...x....x…        |1234|1234|1234|1234|1234|1234|12…  0
  90  norvel        x...x....x...x....x...x....x...x...x...…        |1234|1234|1234|1234|1234|1234|12…  0
  91  norvel        xx..xx..xx...xx...x...x..xxx...x/2              |1234|1234|1234|1234|1234|1234|12…  0
  92  norvel        xxx...x..x...x..x..xx..xx..x/4                  |1234|1234|1234|1234|1234|1234|12…  0
  93  norvel        x...x...x...xx....xx....xxx...xx....x..…        |1234|1234|1234|1234|1234|1234|12…  0
  94  norvel        x....xx....xx....xx....xxx....xx.....x.…        |1234|1234|1234|1234|1234|1234|12…  0
  95  norvel        xx..x...xx..xx...x..x..x..x..xx..xx..xx…        |1234|1234|1234|1234|1234|1234|12…  0
  96  norvel        x...xx...x....x...x...x...xx...x/2              |1234|1234|1234|1234|1234|1234|12…  0
  97  norvel        x..x..x...xx..x...x...x...xx...x/2              |1234|1234|1234|1234|1234|1234|12…  0
  98  norvel        x..xxx..x...x..x..x..xxx...x...x/6              |1234|1234|1234|1234|1234|1234|12…  0
  99  norvel        xx....x.....x.....xx.....xx....xx....x.…        |1234|1234|1234|1234|1234|1234|12…  0
 100  norvel        x....x....x....x....x....xx.....xx....x…        |1234|1234|1234|1234|1234|1234|12…  0
 101  norvel        x....x.....x....x....x....xx....x....x.…        |1234|1234|1234|1234|1234|1234|12…  0
 102  norvel        xxx...x...x...x...xx....x...x...x...xx.…        |1234|1234|1234|1234|1234|1234|12…  0
 103  norvel        x...x...x....x....x...x....x...x/5              |1234|1234|1234|1234|1234|1234|12…  0
 104  norvel        x..x..x...x...x..x...x..x...xx..x..x/8          |1234|1234|1234|1234|1234|1234|12…  0
 105  norvel        xx....x....x....x.....xx....xx....x....…        |1234|1234|1234|1234|1234|1234|12…  0
 106  norvel        x....x....x....x....x...x...x...x...xx.…        |1234|1234|1234|1234|1234|1234|12…  0
 107  norvel        x...xx...xx...xx....x...x....x....xx...…        |1234|1234|1234|1234|1234|1234|12…  0
 108  norvel        x...x..xxx..xx...xxx..xx..x...xx/5              |1234|1234|1234|1234|1234|1234|12…  0
 109  norvel        x..x..x...x...xx...x..xx...x...x..xx/6          |1234|1234|1234|1234|1234|1234|12…  0
 110  norvel        x...x...x...x...x...xx....x...xx...x/2          |1234|1234|1234|1234|1234|1234|12…  0
 111  norvel        xx..x..x...x...x..x..x..x..x...x...x/7          |1234|1234|1234|1234|1234|1234|12…  0
 112  norvel        x....xxx...x...x....x....xxx...xxx....x…        |1234|1234|1234|1234|1234|1234|12…  0
 113  norvel        x...x....x....xx...x...xx...x...x....xx…        |1234|1234|1234|1234|1234|1234|12…  0
 114  norvel        x...x...x...x....x...x....x....x...x/6          |1234|1234|1234|1234|1234|1234|12…  1
 115  norvel        x....x....x....x....x....x....x....x...…        |1234|1234|1234|1234|1234|1234|12…  0
 116  norvel        xx...x....x...x....x....x...xx...x...x.…        |1234|1234|1234|1234|1234|1234|12…  0
 117  norvel        x..x...x..x..x..x..x..x..x..x..x/7              |1234|1234|1234|1234|1234|1234|12…  0
 118  norvel        xx..xx..x...xx..x...x...x..x/5                  |1234|1234|1234|1234|1234|1234|12…  0
 119  norvel        x....x....x...x...x...x...x...xx...x/5          |1234|1234|1234|1234|1234|1234|12…  0
 120  norvel        x....xxx...xx...x....x....x...x....x...…        |1234|1234|1234|1234|1234|1234|12…  0
 121  norvel        x...x..x..xx..xx..xx...xxx..x...x..x/5          |1234|1234|1234|1234|1234|1234|12…  0
 122  norvel        x...x...x...x...x....x...x...xx....x...…        |1234|1234|1234|1234|1234|1234|12…  0
 123  norvel        x..xx..x...x...x...x...xx...x..xx..x..x…        |1234|1234|1234|1234|1234|1234|12…  1
 124  norvel        xx....x...x...x...xx....xx....xx....x..…        |1234|1234|1234|1234|1234|1234|12…  0
 125  norvel        x...x...x....x....xx....x...x....xx...x…        |1234|1234|1234|1234|1234|1234|12…  0
 126  norvel        x....x....x....x...x....x...xx....xx/3          |1234|1234|1234|1234|1234|1234|12…  0
 127  norvel        x...x..x..xx...x...xx...x...x..x/6              |1234|1234|1234|1234|1234|1234|12…  0
 128  norvel        x..xx..x...x..x..x..x..x...x..x...xx/6          |1234|1234|1234|1234|1234|1234|12…  0
 129  norvel        xxx...x..x..x..x..xx..xx...xxx..xx..x..…        |1234|1234|1234|1234|1234|1234|12…  0
 130  norvel        x....x....xxx....x....x.....xxx....xx..…        |1234|1234|1234|1234|1234|1234|12…  0
 131  norvel        x..xx..x...xx...x...xx..x..x..x...xx/6          |1234|1234|1234|1234|1234|1234|12…  1
 132  norvel        x....xx....x....xx...x....x...x...x....…        |1234|1234|1234|1234|1234|1234|12…  0
 133  norvel        x...x...x...x...x....x....x...x....x/6          |1234|1234|1234|1234|1234|1234|12…  0
 134  norvel        xx....x...x...x....x...x...x....x...x..…        |1234|1234|1234|1234|1234|1234|12…  0
 135  norvel        x...xx...x...x...x...x....x...x....x...…        |1234|1234|1234|1234|1234|1234|12…  0
 136  norvel        x..xxx..x...x...x...x...xx..x..x...x/6          |1234|1234|1234|1234|1234|1234|12…  1
 137  norvel        xxx...xx....x...x...x...x....xxx...x...…        |1234|1234|1234|1234|1234|1234|12…  0
 138  norvel        xxx...x..xx...xx..x...x...x..xxx/5              |1234|1234|1234|1234|1234|1234|12…  1
 139  norvel        x...xx....xx....xxx....xx....x...xx...x…        |1234|1234|1234|1234|1234|1234|12…  0
 140  norvel        x..x..xx..x..x...x..xx..x...x..x/6              |1234|1234|1234|1234|1234|1234|12…  1
 141  norvel        x..xx..x...xx...xx..x..x..x..x..x..x/5          |1234|1234|1234|1234|1234|1234|12…  0
 142  norvel        x....x....x.....x....x....x.....x....x.…        |1234|1234|1234|1234|1234|1234|12…  0
 143  norvel        x...x..xx..xx..x..x..xx..xxx..x..xxx/7          |1234|1234|1234|1234|1234|1234|12…  0
 144  norvel        x..xx..x...xxx..xxx..x..x..x..xx..x...x…        |1234|1234|1234|1234|1234|1234|12…  1
 145  norvel        xx....x....x...x...xxx....x...x...x...x…        |1234|1234|1234|1234|1234|1234|12…  0
 146  norvel        xx...x...xxx...x....x...xx...xx...xx...…        |1234|1234|1234|1234|1234|1234|12…  0
 147  norvel        xx..x...x..x..xx..x..x..x..x/6                  |1234|1234|1234|1234|1234|1234|12…  0
 148  norvel        x..xx..x..x...x...x..x..x..x...x/7              |1234|1234|1234|1234|1234|1234|12…  0
 149  norvel        x...x...x....x....x...x....x...x/5              |1234|1234|1234|1234|1234|1234|12…  0
 150  norvel        x....x...xx...xxx....x...xx....x....x..…        |1234|1234|1234|1234|1234|1234|12…  0
 151  norvel        x...x...x...x....x...x...x...x...xx....…        |1234|1234|1234|1234|1234|1234|12…  0
 152  norvel        x....x.....x....x.....x....x.....x.....…        |1234|1234|1234|1234|1234|1234|12…  0
 153  norvel        x...xxx..x..xx..xx...x..xx..x..x..xx/6          |1234|1234|1234|1234|1234|1234|12…  0
 154  norvel        x...x..xx..xx..x..x..x..xx...xxx..xxx..…        |1234|1234|1234|1234|1234|1234|12…  0
 155  norvel        x...x....x...x....x...x...xx...x/3              |1234|1234|1234|1234|1234|1234|12…  0
 156  norvel        x....x...x...xx....x...xx....x....x...x…        |1234|1234|1234|1234|1234|1234|12…  0
 157  norvel        xx..x..x..x..x...xx..x..x..x...x/4              |1234|1234|1234|1234|1234|1234|12…  0
 158  norvel        x...xx..x..x..xx..xx..xx...x/4                  |1234|1234|1234|1234|1234|1234|12…  0
 159  norvel        x..x...x..x...xx..x..x..x..x/5                  |1234|1234|1234|1234|1234|1234|12…  0
 160  norvel        xx...x..x..x..x..x...x...x..x..x/4              |1234|1234|1234|1234|1234|1234|12…  1
 161  norvel        x...xxx...x...x...x....x....x....xx...x…        |1234|1234|1234|1234|1234|1234|12…  0
 162  norvel        x..x..x...x..xx..x..xx..x..xx..x/6              |1234|1234|1234|1234|1234|1234|12…  0
 163  norvel        x..x...x..x..xx..x..xx..x...x..x/4              |1234|1234|1234|1234|1234|1234|12…  1
 164  norvel        x....x....xx....x....x....x.....x....x.…        |1234|1234|1234|1234|1234|1234|12…  0
 165  norvel        x...x...x...x....x...x....x....x/5              |1234|1234|1234|1234|1234|1234|12…  0
 166  norvel        xxx...x...x...x....xx....x...xx...xx/3          |1234|1234|1234|1234|1234|1234|12…  0
 167  norvel        x...xx...x....x...xx...x...xx...x....x.…        |1234|1234|1234|1234|1234|1234|12…  0
 168  norvel        x..x...x..x..x...x...x..x..x..xx/7              |1234|1234|1234|1234|1234|1234|12…  0
 169  norvel        x..x..x...xx..x...x...x..xxx...x/2              |1234|1234|1234|1234|1234|1234|12…  0
 170  norvel        x....x...x...x...x....x....x...x...x/2          |1234|1234|1234|1234|1234|1234|12…  0
 171  norvel        x...x...x...xx....xx...x...x...x/3              |1234|1234|1234|1234|1234|1234|12…  1
 172  norvel        x..x...xx..xx..x..x..x..x...x..x/4              |1234|1234|1234|1234|1234|1234|12…  1
 173  norvel        x..x...x..x..x..x...xx..x...x..x/4              |1234|1234|1234|1234|1234|1234|12…  0
 174  norvel        xx...x...x...xx..x...x..xx..x..x/2              |1234|1234|1234|1234|1234|1234|12…  0
 175  norvel        x...x....xx...x...x...xx...x...x/5              |1234|1234|1234|1234|1234|1234|12…  0
 176  norvel        xx.....x....x.....x....xx....x....x....…        |1234|1234|1234|1234|1234|1234|12…  0
 177  norvel        x...x....x...x....x...x...x...x....x...…        |1234|1234|1234|1234|1234|1234|12…  0
 178  norvel        x.....x....x....x....x.....x.....x....x…        |1234|1234|1234|1234|1234|1234|12…  0
 179  norvel        x..xxx..xxx..x..x...x..xxx...x..xx..x..…        |1234|1234|1234|1234|1234|1234|12…  1
 180  norvel        x....xx...xxx....x...x....x...x....x...…        |1234|1234|1234|1234|1234|1234|12…  0
 181  norvel        x...x...x....x...x...x....x...x...xx/3          |1234|1234|1234|1234|1234|1234|12…  0
 182  norvel        x...xx....x....x...xx...x....x...x....x…        |1234|1234|1234|1234|1234|1234|12…  0
 183  norvel        x....x....x....x....x....x....x....x...…        |1234|1234|1234|1234|1234|1234|12…  0
 184  norvel        x...x...x...x...x...x...x...x....x....x…        |1234|1234|1234|1234|1234|1234|12…  1
 185  norvel        x..x...xx...x...x...x...xx..x..x/2              |1234|1234|1234|1234|1234|1234|12…  0
 186  norvel        x.....x....x....x....x....x....x....x..…        |1234|1234|1234|1234|1234|1234|12…  0
 187  norvel        x....x....x....xxx...x...x...xx....x...…        |1234|1234|1234|1234|1234|1234|12…  0
 188  norvel        x....x....xx...x....xxx...xxx...xx....x…        |1234|1234|1234|1234|1234|1234|12…  0
 189  norvel        xx....x....x...x....xx...x....x...x...x…        |1234|1234|1234|1234|1234|1234|12…  0
 190  norvel        x..x...x..x...x..xx..x..x..x...x/5              |1234|1234|1234|1234|1234|1234|12…  0
 191  norvel        x..x..x..xx..x..x..x..x..xx...x...xx/4          |1234|1234|1234|1234|1234|1234|12…  0
 192  norvel        x....x...x....x....x...x...x...x...x/2          |1234|1234|1234|1234|1234|1234|12…  0
 193  norvel        xx..xx...x..xx...xx..x..x..xx...xx..x..…        |1234|1234|1234|1234|1234|1234|12…  0
 194  norvel        xx....x....x...x....xx...x...xx....x...…        |1234|1234|1234|1234|1234|1234|12…  0
 195  norvel        x....x...x...x....x...x...x...x...x....…        |1234|1234|1234|1234|1234|1234|12…  0
 196  norvel        xx....x....x....x...x...x...x...xx....x…        |1234|1234|1234|1234|1234|1234|12…  0
 197  norvel        x...xxx..xx..xx..xx..x..x..xx...x..x/6          |1234|1234|1234|1234|1234|1234|12…  0
 198  norvel        xx....xx.....x....xx.....x.....x....x..…        |1234|1234|1234|1234|1234|1234|12…  0
 199  norvel        xxx....x....xx....x....x....xx....xx...…        |1234|1234|1234|1234|1234|1234|12…  0
 200  norvel        x..x..x..x...x..x...x..x...x/6                  |1234|1234|1234|1234|1234|1234|12…  0
 201  norvel        xx..xx..xx..x..x..x...x...x..xx..xxx..x…        |1234|1234|1234|1234|1234|1234|12…  0
 202  norvel        x....x...x....x....x....x...x....x....x…        |1234|1234|1234|1234|1234|1234|12…  0
 203  norvel        x....x....x...x...xx...x...x...x...x...…        |1234|1234|1234|1234|1234|1234|12…  0
 204  norvel        xxx...x....xx...xxx...x...x....xx...xx.…        |1234|1234|1234|1234|1234|1234|12…  0
 205  norvel        x..x...x..xxx..x..x...x..x...x..x..x/4          |1234|1234|1234|1234|1234|1234|12…  0
 206  norvel        x..x..x..xx..x..x..x...x...x/4                  |1234|1234|1234|1234|1234|1234|12…  0
 207  norvel        x....x....x...x...xx...x...x...x/3              |1234|1234|1234|1234|1234|1234|12…  0
 208  norvel        x....x...x...x....x....x...x...x...x/6          |1234|1234|1234|1234|1234|1234|12…  0
 209  norvel        xx...xx...x..x...x..x..x..xx..xx/2              |1234|1234|1234|1234|1234|1234|12…  0
 210  norvel        x....x....x....x.....x....x....xx....x.…        |1234|1234|1234|1234|1234|1234|12…  0
 211  norvel        xx...x...x..x...x...x...x..x...x/4              |1234|1234|1234|1234|1234|1234|12…  1
 212  norvel        xxx..x..x...xx...x...xx...x..xxx/5              |1234|1234|1234|1234|1234|1234|12…  0
 213  norvel        x...x....x....x....x....x...x...xx....x…        |1234|1234|1234|1234|1234|1234|12…  0
 214  norvel        x...x...xx...x..x..xx..x..xx..xx/6              |1234|1234|1234|1234|1234|1234|12…  0
 215  norvel        x..xx..x..xx..x..xx...x..xxx..xx..xx/4          |1234|1234|1234|1234|1234|1234|12…  0
 216  norvel        xx....x...x...xx....xx...xx...x...x....…        |1234|1234|1234|1234|1234|1234|12…  0
 217  norvel        x..x...x...x..x..x..x...x..x...xx..x/5          |1234|1234|1234|1234|1234|1234|12…  0
 218  norvel        x...x..x...x..x..x...x..x..x...x...x/4          |1234|1234|1234|1234|1234|1234|12…  0
 219  norvel        x...x...x...x...x....x...x....x...x....…        |1234|1234|1234|1234|1234|1234|12…  0
 220  norvel        x..x..x..x..x..x..x..x...x..x..x/5              |1234|1234|1234|1234|1234|1234|12…  1
 221  norvel        xx..x..x...x...xx..xx..x...x/5                  |1234|1234|1234|1234|1234|1234|12…  0
 222  norvel        x...xx...x...x...x...x...x...xx....x/3          |1234|1234|1234|1234|1234|1234|12…  0
 223  norvel        xxx....xx....xx...x....x....x...xxx...x…        |1234|1234|1234|1234|1234|1234|12…  0
 224  norvel        x....x....x.....x....x....xx....x....x.…        |1234|1234|1234|1234|1234|1234|12…  0
 225  norvel        xxx..x..x..xxx..x...xx...xx..x..x..xx..…        |1234|1234|1234|1234|1234|1234|12…  0
 226  norvel        x...x...x...xx...x...x...x....x...x...x…        |1234|1234|1234|1234|1234|1234|12…  0
 227  norvel        xx....x....x....x.....x....x....x....xx…        |1234|1234|1234|1234|1234|1234|12…  0
 228  norvel        x...xx...x...xx...x....xx...x...xxx...x…        |1234|1234|1234|1234|1234|1234|12…  0
 229  norvel        xx...x...x..x..x..x..xxx...x/2                  |1234|1234|1234|1234|1234|1234|12…  0
 230  norvel        xx....x...x...x...x...xx...x...x...x/2          |1234|1234|1234|1234|1234|1234|12…  0
 231  norvel        x....xxx....x....x...x...x...x....xx...…        |1234|1234|1234|1234|1234|1234|12…  0
 232  norvel        x..x...x...x..x..x..x...x..x/4                  |1234|1234|1234|1234|1234|1234|12…  1
 233  norvel        xx...xxx..xx..xxx...x..x..xx...x/5              |1234|1234|1234|1234|1234|1234|12…  0
 234  norvel        x..xx..x..x..x...x...xx...x...x...xx/6          |1234|1234|1234|1234|1234|1234|12…  0
 235  norvel        x...xx...x...x..xx..x..x...x...x/2              |1234|1234|1234|1234|1234|1234|12…  1
 236  norvel        x..x..xx..x..x..x..xx...x..x/5                  |1234|1234|1234|1234|1234|1234|12…  1
 237  norvel        x...x..xxx..x..x...xxx..x..x..xx/5              |1234|1234|1234|1234|1234|1234|12…  0
 238  norvel        x..x..x..x..x..x...x..x..x..x..x/7              |1234|1234|1234|1234|1234|1234|12…  0
 239  norvel        x...x....x...xx...x...x...x...x...xx...…        |1234|1234|1234|1234|1234|1234|12…  0
 240  norvel        x..x..xxx...x..xx...x..xx..x...xx..xx..…        |1234|1234|1234|1234|1234|1234|12…  1
 241  norvel        xx....xxx...x...xx....x...x...x...x...x…        |1234|1234|1234|1234|1234|1234|12…  0
 242  norvel        x...x...x...x...xx...x...x...x...x....x…        |1234|1234|1234|1234|1234|1234|12…  0
 243  norvel        x....x.....x.....x.....x....x....x....x…        |1234|1234|1234|1234|1234|1234|12…  0
 244  norvel        x..x..x..x..xx...x..xx..x..x...x/4              |1234|1234|1234|1234|1234|1234|12…  1
 245  norvel        x..x..x..x..x...x..x...x...x...x...x/6          |1234|1234|1234|1234|1234|1234|12…  0
 246  norvel        x....x...xx....x...xxx....x...x...x...x…        |1234|1234|1234|1234|1234|1234|12…  0
 247  norvel        xx...x...x...x...x...x...xx....x...x/2          |1234|1234|1234|1234|1234|1234|12…  0
 248  norvel        x...x...x....x...x...x....x...x....x...…        |1234|1234|1234|1234|1234|1234|12…  0
 249  norvel        x....x...x...xx...xx...xxx...x...xx...x…        |1234|1234|1234|1234|1234|1234|12…  0
 250  norvel        xx....x....x....x....xx...xx...xx...xxx…        |1234|1234|1234|1234|1234|1234|12…  0
 251  norvel        x...x...x....x...xx...x...x....xx....x.…        |1234|1234|1234|1234|1234|1234|12…  0
 252  norvel        xx..x..x...xxx..x..xx...x..x...x...xx..…        |1234|1234|1234|1234|1234|1234|12…  1
 253  norvel        x...x...xx...xx....x...x....xx...x...xx…        |1234|1234|1234|1234|1234|1234|12…  0
 254  norvel        x..x..xx..x..x..xx..x...x..xx...x..x/4          |1234|1234|1234|1234|1234|1234|12…  0
 255  norvel        xx....x.....xx....xx....x....xx....xx..…        |1234|1234|1234|1234|1234|1234|12…  0
 256  norvel        x...x..xx..x..xx..xx..xxx..x/5                  |1234|1234|1234|1234|1234|1234|12…  1
 257  norvel        x....xx...xx...x...x...x...x...x...x/2          |1234|1234|1234|1234|1234|1234|12…  0
 258  norvel        xx....x...xx...x....x...xx...xx...xx...…        |1234|1234|1234|1234|1234|1234|12…  0
 259  norvel        x....x....x....x...x...x....x...xx...xx…        |1234|1234|1234|1234|1234|1234|12…  0
 260  norvel        xx..xx...x...xx..xxx...xx..xx..x/5              |1234|1234|1234|1234|1234|1234|12…  0
 261  norvel        x....x...xx...x...x...x....x...x...x...…        |1234|1234|1234|1234|1234|1234|12…  0
 262  norvel        xxx...x..x...x...x..xx...xx..x..x..x/7          |1234|1234|1234|1234|1234|1234|12…  0
 263  norvel        x...xx...x...xx...x...xxx....x...x....x…        |1234|1234|1234|1234|1234|1234|12…  0
 264  norvel        x...x..xx..x..x..x..xxx..x..xx..x..x/4          |1234|1234|1234|1234|1234|1234|12…  1
 265  norvel        x...x..x...x..x..x...x...x...x..x..x/4          |1234|1234|1234|1234|1234|1234|12…  0
 266  norvel        x..x..x..x...x..x...x...x..x/2                  |1234|1234|1234|1234|1234|1234|12…  0
 267  norvel        x....x...x....x....xx....xx...x....x/3          |1234|1234|1234|1234|1234|1234|12…  0
 268  norvel        xx..x..x...x..xxx..xx..xx..xx..x/4              |1234|1234|1234|1234|1234|1234|12…  1
 269  norvel        x...x....x...xx...x...x...x...xx/5              |1234|1234|1234|1234|1234|1234|12…  0
 270  norvel        x...x..x..xx..x...x...x..xx...xx...x/7          |1234|1234|1234|1234|1234|1234|12…  0
 271  norvel        xx..x..x...xx...x...x..x...x...x/4              |1234|1234|1234|1234|1234|1234|12…  0
 272  norvel        xxx...xx....x...x...x...xx...x...xx...x…        |1234|1234|1234|1234|1234|1234|12…  0
 273  norvel        x..x...x...x..x..xx..x..x..x/5                  |1234|1234|1234|1234|1234|1234|12…  0
 274  norvel        xx.....x....x.....x....x....x.....x....…        |1234|1234|1234|1234|1234|1234|12…  0
 275  norvel        xx...x....x...x...x....x....x...xx....x…        |1234|1234|1234|1234|1234|1234|12…  0
 276  norvel        xx...x...x...x....x....x...xxx...x...xx…        |1234|1234|1234|1234|1234|1234|12…  0
 277  norvel        x....x....x...x...xx...x....x....x...x.…        |1234|1234|1234|1234|1234|1234|12…  0
 278  norvel        x.....xx....x.....x....x.....x....xx...…        |1234|1234|1234|1234|1234|1234|12…  0
 279  norvel        xx....x....x...x...x....x...x...xxx...x…        |1234|1234|1234|1234|1234|1234|12…  0
 280  norvel        x...x..xx..x...x..x..x..x...x..xx..x/6          |1234|1234|1234|1234|1234|1234|12…  0
 281  norvel        x..xx..xx...xx...x..xxx..x...xx...xx/5          |1234|1234|1234|1234|1234|1234|12…  0
 282  norvel        xx....x...xx...xx...xx...x....x...x....…        |1234|1234|1234|1234|1234|1234|12…  0
 283  norvel        x...x..x..x..x..xxx...x...xx/5                  |1234|1234|1234|1234|1234|1234|12…  1
 284  norvel        x..x..x..xx..x..x...x..x..xx...x/6              |1234|1234|1234|1234|1234|1234|12…  1
 285  norvel        x...x...x...xx....xx...x...xx...x...x..…        |1234|1234|1234|1234|1234|1234|12…  0
 286  norvel        x...x...x...xx...xx...x...xx...x....xx.…        |1234|1234|1234|1234|1234|1234|12…  0
 287  norvel        x..x...x..xx..x..x..x...x..x/5                  |1234|1234|1234|1234|1234|1234|12…  0
 288  norvel        x..x..x..x...x..x...x..x...x/4                  |1234|1234|1234|1234|1234|1234|12…  0
 289  norvel        x...x....xx....xx...x...x...xx....x....…        |1234|1234|1234|1234|1234|1234|12…  0
 290  norvel        xxx..x...xx..x..x..x..xx..xx/2                  |1234|1234|1234|1234|1234|1234|12…  0
 291  norvel        x..xx..x..x..x...xxx..xx..xx...x...xx..…        |1234|1234|1234|1234|1234|1234|12…  1
 292  norvel        xx...x....x....x...x....x....x....xx...…        |1234|1234|1234|1234|1234|1234|12…  0
 293  norvel        xx.....x....x....xxx.....x....xx....x..…        |1234|1234|1234|1234|1234|1234|12…  0
 294  norvel        xx....x...x...xx...x....x....x...x...x.…        |1234|1234|1234|1234|1234|1234|12…  0
 295  norvel        x...x....x...x...x....x...x...x...xx/5          |1234|1234|1234|1234|1234|1234|12…  0
 296  norvel        x...xx....xxx....x...xx...xx...xxx....x…        |1234|1234|1234|1234|1234|1234|12…  0
 297  norvel        x...x...x...x...xx....x...x...x....x/3          |1234|1234|1234|1234|1234|1234|12…  0
 298  norvel        x..x..x...xxx...x..x..x..x..x..x/6              |1234|1234|1234|1234|1234|1234|12…  0
 299  norvel        x....xx....x...xx...x...x....xx....xxx.…        |1234|1234|1234|1234|1234|1234|12…  0
 300  norvel        x.....xx.....x.....x....x....x.....x...…        |1234|1234|1234|1234|1234|1234|12…  0
 301  norvel        xxx..xxx...x...x...x...xx..x..xxx..x/5          |1234|1234|1234|1234|1234|1234|12…  0
 302  norvel        x....x.....x....x....x.....x.....x....x…        |1234|1234|1234|1234|1234|1234|12…  0
 303  norvel        x..x..x...xx..x..x..x..x..x...xx..xx/7          |1234|1234|1234|1234|1234|1234|12…  0
 304  norvel        x..x...x..x..x..x..x...x...x/2                  |1234|1234|1234|1234|1234|1234|12…  1
 305  norvel        x..xx..x..x...x..x...x..x...xx..x..x/8          |1234|1234|1234|1234|1234|1234|12…  0
 306  norvel        x...x...x...x..x..x..x..x..x/4                  |1234|1234|1234|1234|1234|1234|12…  0
 307  norvel        x..x...x...x..xxx..x..x..x..x..x/5              |1234|1234|1234|1234|1234|1234|12…  0
 308  norvel        x...x....x...x...x...x....x....x/5              |1234|1234|1234|1234|1234|1234|12…  0
 309  norvel        x....x....xx....xx....x....x.....x....x…        |1234|1234|1234|1234|1234|1234|12…  0
 310  norvel        x.....x....x.....xx....x....x....x....x…        |1234|1234|1234|1234|1234|1234|12…  0
 311  norvel        x...xx...x....x....x...xx...x....x...xx…        |1234|1234|1234|1234|1234|1234|12…  0
 312  norvel        xx..x..x..x..x..x..xx...x...xx..x..x/4          |1234|1234|1234|1234|1234|1234|12…  0
 313  norvel        x...x...x....x...x...x....x...x....x/2          |1234|1234|1234|1234|1234|1234|12…  0
 314  norvel        x....xx.....x.....x.....x....x.....xxx.…        |1234|1234|1234|1234|1234|1234|12…  0
 315  norvel        x...xx..x..xx..x...xx..x..xx..xx/4              |1234|1234|1234|1234|1234|1234|12…  1
 316  norvel        x....x....x....x.....x....x....x....x..…        |1234|1234|1234|1234|1234|1234|12…  0
 317  norvel        x.....x.....x....x....x....x.....x....x…        |1234|1234|1234|1234|1234|1234|12…  0
 318  norvel        xx....x...x....x....x...x....x....x...x…        |1234|1234|1234|1234|1234|1234|12…  0
 319  norvel        xx.....xx....x....x....xx....xx....xxx.…        |1234|1234|1234|1234|1234|1234|12…  0
 320  norvel        x..xx..x..x..x...x..x..x..xx/2                  |1234|1234|1234|1234|1234|1234|12…  1
 321  norvel        x.....x.....x....x....x....xx....x....x…        |1234|1234|1234|1234|1234|1234|12…  0
 322  norvel        x...x....x...x...x....x....x...x/2              |1234|1234|1234|1234|1234|1234|12…  0
 323  norvel        xx..x..x..x...x..xx...xx...x..xx/6              |1234|1234|1234|1234|1234|1234|12…  1
 324  norvel        xx...x...x..xxx...x..x..x..xx..x/2              |1234|1234|1234|1234|1234|1234|12…  0
 325  norvel        x....x....x....x.....x....x....x....xx.…        |1234|1234|1234|1234|1234|1234|12…  0
 326  norvel        x....x....x.....x....x....x....xx....x.…        |1234|1234|1234|1234|1234|1234|12…  0
 327  norvel        x....x....x.....x....x.....x....x.....x…        |1234|1234|1234|1234|1234|1234|12…  0
 328  norvel        x....x...x...xx...x...x...x...x...x....…        |1234|1234|1234|1234|1234|1234|12…  0
 329  norvel        x...xx...x...xxx...xx...x....x....x...x…        |1234|1234|1234|1234|1234|1234|12…  0
 330  norvel        x....xxx...x...x...x...x...x...xx...xx.…        |1234|1234|1234|1234|1234|1234|12…  0
 331  norvel        xx...xx..xx..xx..x...x..x..x...x/2              |1234|1234|1234|1234|1234|1234|12…  1
 332  norvel        x...x...xx...x...xx....xx...x...xxx...x…        |1234|1234|1234|1234|1234|1234|12…  0
 333  norvel        x...x...x..x..x...x...x..x...x..x..x/6          |1234|1234|1234|1234|1234|1234|12…  0
 334  norvel        x...x..x..x...xxx...x...x..x/5                  |1234|1234|1234|1234|1234|1234|12…  0
 335  norvel        x..xx..x..x...x..x...x..x...x..x/4              |1234|1234|1234|1234|1234|1234|12…  0
 336  norvel        x....x...x...x...x...x...x...x....xx...…        |1234|1234|1234|1234|1234|1234|12…  0
 337  norvel        x..x..x..xxx..x...xx..x...x..x...x...xx…        |1234|1234|1234|1234|1234|1234|12…  0
 338  norvel        x....x...xxx....x...x....x....x...xx...…        |1234|1234|1234|1234|1234|1234|12…  1
 339  norvel        xxx..xx...x..x..xx..x..x..x..x...xx..xx…        |1234|1234|1234|1234|1234|1234|12…  1
 340  norvel        x..x...xx...x..xx..x...xx..x...x...x/6          |1234|1234|1234|1234|1234|1234|12…  1
 341  norvel        xx..x..x..x...x..xx..x..x..x/2                  |1234|1234|1234|1234|1234|1234|12…  0
 342  norvel        x...x...x...x..x..x..x...x..x..x...x/7          |1234|1234|1234|1234|1234|1234|12…  0
 343  norvel        x...x....x...x....x...x...x....x...x/2          |1234|1234|1234|1234|1234|1234|12…  0
 344  norvel        x...x...x....x...x...x....xx...x...x...…        |1234|1234|1234|1234|1234|1234|12…  0
 345  norvel        x..x..x..x...x...x...x...x..x..x/7              |1234|1234|1234|1234|1234|1234|12…  0
 346  norvel        xxx..x..xx...x..x..xx..xxx..x..xx..x/7          |1234|1234|1234|1234|1234|1234|12…  0
 347  norvel        x....x.....x....x....x....x.....x....x.…        |1234|1234|1234|1234|1234|1234|12…  0
 348  norvel        x..x..x..x...x..x...x..x...x..xx/5              |1234|1234|1234|1234|1234|1234|12…  1
 349  norvel        xxx..xx..x...x..x..xxx...x..x..xx..x/6          |1234|1234|1234|1234|1234|1234|12…  0
 350  norvel        x...xx..x...x...x..x..x..x..x..x/4              |1234|1234|1234|1234|1234|1234|12…  0
 351  norvel        x..x...x..x...xx..x...x..x..xx...xxx/7          |1234|1234|1234|1234|1234|1234|12…  0
 352  norvel        xxx....xx...x....x...x....x...xx...xxx.…        |1234|1234|1234|1234|1234|1234|12…  0
 353  norvel        x....x...x....xxx...x...x...x....xx....…        |1234|1234|1234|1234|1234|1234|12…  0
 354  norvel        x...x...x....x...xx...x....x...x...x...…        |1234|1234|1234|1234|1234|1234|12…  0
 355  norvel        xxx...xx...xx...x...x...xx....x...x...x…        |1234|1234|1234|1234|1234|1234|12…  0
 356  norvel        x....x...xx...x...x...x....x...x...x...…        |1234|1234|1234|1234|1234|1234|12…  0
 357  norvel        x..xxx..x..xx..x..xx..xx..xx...x...x/5          |1234|1234|1234|1234|1234|1234|12…  0
 358  norvel        xx...x...x...xx....xx....x...x...x...x.…        |1234|1234|1234|1234|1234|1234|12…  0
 359  norvel        xx...x....x...x...x...x...x...x....x...…        |1234|1234|1234|1234|1234|1234|12…  0
 360  norvel        x...x...x....x....x...x...x....x....xx.…        |1234|1234|1234|1234|1234|1234|12…  0
 361  norvel        x...xxx..x..x...x..x..x..x..x..xx..x/4          |1234|1234|1234|1234|1234|1234|12…  0
 362  norvel        xxx...xx...xx...x....x....x....x...xxx.…        |1234|1234|1234|1234|1234|1234|12…  1
 363  norvel        x..x..x..xx..x..x..x..x...xx/2                  |1234|1234|1234|1234|1234|1234|12…  1
 364  norvel        xx..xx..x..x..xxx..x..x...xx..xx/5              |1234|1234|1234|1234|1234|1234|12…  0
 365  norvel        xx....x...x....xx...xx....x...x...x...x…        |1234|1234|1234|1234|1234|1234|12…  0
 366  norvel        x...x...x...x...x....x...xxx...x/3              |1234|1234|1234|1234|1234|1234|12…  0
 367  norvel        xx...x..x...x..xxx..x..x..x...xx..xx/5          |1234|1234|1234|1234|1234|1234|12…  0
 368  norvel        x...x...x...x...x...x...x....x....x....…        |1234|1234|1234|1234|1234|1234|12…  1
 369  norvel        x...x...x...xx...x...xx...x....x/5              |1234|1234|1234|1234|1234|1234|12…  0
 370  norvel        x...x...x....xx...x...x...x...x...x...x…        |1234|1234|1234|1234|1234|1234|12…  0
 371  norvel        x..x..x...x...x..x...x..x..x/6                  |1234|1234|1234|1234|1234|1234|12…  0
 372  norvel        xx..x..x..xxx..x...x..x..x..x..x/7              |1234|1234|1234|1234|1234|1234|12…  0
 373  norvel        x...x...x..x..x..x..x...x..x/2                  |1234|1234|1234|1234|1234|1234|12…  0
 374  norvel        x....x....x....x...xx...x...x....x...xx…        |1234|1234|1234|1234|1234|1234|12…  0
 375  norvel        xx..x..x...xx..x..x...xx...xx..x/6              |1234|1234|1234|1234|1234|1234|12…  0
 376  norvel        xx...xxx....xx...x....xxx....x...xx....…        |1234|1234|1234|1234|1234|1234|12…  0
 377  norvel        x..x..x..x...x..x..x...x...x..xx/5              |1234|1234|1234|1234|1234|1234|12…  0
 378  norvel        xx....x...x...xx...x...xx...x...x...xx.…        |1234|1234|1234|1234|1234|1234|12…  0
 379  norvel        x...x....x....x....x...x...x....x...x..…        |1234|1234|1234|1234|1234|1234|12…  0
 380  norvel        x..x...x...x..x..x...x..x..x/2                  |1234|1234|1234|1234|1234|1234|12…  1
 381  norvel        x..xx..xx...x..xx..x...xxx..xx..x..x...…        |1234|1234|1234|1234|1234|1234|12…  0
 382  norvel        x..x..x...x...x...x..x...x..x..x/7              |1234|1234|1234|1234|1234|1234|12…  0
 383  norvel        xx...x....x...x...xx...x...xx...xx...xx…        |1234|1234|1234|1234|1234|1234|12…  0
 384  norvel        x...xx...xx..x..x...xx..x..x..xx..xx/5          |1234|1234|1234|1234|1234|1234|12…  1
 385  norvel        x...xx....xx....x...xx....x....xx...xxx…        |1234|1234|1234|1234|1234|1234|12…  0
 386  norvel        xx....xx...x...xx...x....x...x...xx....…        |1234|1234|1234|1234|1234|1234|12…  1
 387  norvel        xx..xx..x...x..x...x..x..x..x..x/4              |1234|1234|1234|1234|1234|1234|12…  0
 388  norvel        x....x....x....x...xx...x...xxx...x...x…        |1234|1234|1234|1234|1234|1234|12…  0
 389  norvel        x..x..x..x..x...x..xx..xx..x...x/4              |1234|1234|1234|1234|1234|1234|12…  0
 390  norvel        x..x..x..xx..x..x..x...x...x/5                  |1234|1234|1234|1234|1234|1234|12…  0
 391  norvel        x..xx..xxx..x..x..x...x...xx...x..xx...…        |1234|1234|1234|1234|1234|1234|12…  0
 392  norvel        xx...xx....xx...x...x....x....xxx...xxx…        |1234|1234|1234|1234|1234|1234|12…  0
 393  norvel        xx..xx..x..xx...x...x..x..xx..xx...x/5          |1234|1234|1234|1234|1234|1234|12…  0
 394  norvel        xx...xx...xx...xx...x...x...x...x...x..…        |1234|1234|1234|1234|1234|1234|12…  0
 395  norvel        xx..x...xx..xxx..x...xx..x..x..x/5              |1234|1234|1234|1234|1234|1234|12…  1
 396  norvel        x...x...xx...x...x...x....x...x...x...x…        |1234|1234|1234|1234|1234|1234|12…  0
 397  norvel        xx..xx..x..x..x..xxx..xx...xx..xx...x..…        |1234|1234|1234|1234|1234|1234|12…  0
 398  norvel        x..x..x..x..x..xx..x..x..xxx...x/6              |1234|1234|1234|1234|1234|1234|12…  0
 399  norvel        x..x..x...x...x..xx..xx...xx...x...x/6          |1234|1234|1234|1234|1234|1234|12…  0
 400  norvel        x.....x....x....x....x....x.....x....x.…        |1234|1234|1234|1234|1234|1234|12…  0
 401  norvel        x...x...xx...x...x....xx...x...x...x...…        |1234|1234|1234|1234|1234|1234|12…  0
 402  norvel        x..x..x...x..xx...x..x..x..x/4                  |1234|1234|1234|1234|1234|1234|12…  0
 403  norvel        x...x...xx...x....xx...x...x...x/5              |1234|1234|1234|1234|1234|1234|12…  0
 404  norvel        x...x...x...xx...x...xx...x...x....x...…        |1234|1234|1234|1234|1234|1234|12…  0
 405  norvel        x....x....xx....xx....x....xx....x.....…        |1234|1234|1234|1234|1234|1234|12…  0
 406  norvel        x..x...x...x..x..xx..x..x..x...x/4              |1234|1234|1234|1234|1234|1234|12…  0
 407  norvel        xx....x....x....x....x....xx....x....x.…        |1234|1234|1234|1234|1234|1234|12…  0
 408  norvel        x....x.....x....x.....x....x....x....x.…        |1234|1234|1234|1234|1234|1234|12…  0
 409  norvel        x....x...xx...x....xx....xx...x....x/2          |1234|1234|1234|1234|1234|1234|12…  0
 410  norvel        x....x...xx...x....x...x...x....xx...xx…        |1234|1234|1234|1234|1234|1234|12…  0
 411  norvel        x...x...x...x..x..x...x...xx...x...x...…        |1234|1234|1234|1234|1234|1234|12…  0
 412  norvel        xx..x..x..x..x..x..x..xx...x..xx/4              |1234|1234|1234|1234|1234|1234|12…  1
 413  norvel        x...x....xx...x...xx...x....x....x....x…        |1234|1234|1234|1234|1234|1234|12…  0
 414  norvel        x....x.....x.....x....x.....x.....x....…        |1234|1234|1234|1234|1234|1234|12…  0
 415  norvel        x....x....xx...x....x...xx....xx...x...…        |1234|1234|1234|1234|1234|1234|12…  0
 416  norvel        x...x...x....x...x...xx...x...x...x...x…        |1234|1234|1234|1234|1234|1234|12…  0
 417  norvel        x...x...x...x....x...x...xx...x...xx...…        |1234|1234|1234|1234|1234|1234|12…  0
 418  norvel        x...x...x...xx....x...x...xx...x...x/2          |1234|1234|1234|1234|1234|1234|12…  0
 419  norvel        x.....x....x.....x....xx.....xx.....x..…        |1234|1234|1234|1234|1234|1234|12…  0
 420  norvel        xx..x..x...x..xx..x...x..xx...x..xx..xx…        |1234|1234|1234|1234|1234|1234|12…  0
 421  norvel        x...x...xx...xx...x....x....x....xx...x…        |1234|1234|1234|1234|1234|1234|12…  0
 422  norvel        x...x...x....x...xx...xxx...x....xx...x…        |1234|1234|1234|1234|1234|1234|12…  0
 423  norvel        x...x....x....x....x...x....x...x....xx…        |1234|1234|1234|1234|1234|1234|12…  0
 424  norvel        x..x...xx..xx..x..xx..x..x..x..xx..x/4          |1234|1234|1234|1234|1234|1234|12…  1
 425  norvel        x...x...xxx...x...xx....x...xxx...xx/5          |1234|1234|1234|1234|1234|1234|12…  0
 426  norvel        x...x....xx...x....x....x....xx...x...x…        |1234|1234|1234|1234|1234|1234|12…  0
 427  norvel        x...x..xx..x..xxx...xx..x..xx..xx..x..x…        |1234|1234|1234|1234|1234|1234|12…  1
 428  norvel        x...x...xx...x...x...x...xx....x...x/2          |1234|1234|1234|1234|1234|1234|12…  0
 429  norvel        x...x...xx..x...x...x...x...x...x..x..x…        |1234|1234|1234|1234|1234|1234|12…  0
 430  norvel        x....x....x.....x....x....x....x....x..…        |1234|1234|1234|1234|1234|1234|12…  0
 431  norvel        xxx...x...x....x...x...x....x....x....x…        |1234|1234|1234|1234|1234|1234|12…  0
 432  norvel        x...x..x...x..x..x...x...x..x..x...x/6          |1234|1234|1234|1234|1234|1234|12…  1
 433  norvel        x...xxx...x...x...x....x...xx...xxx...x…        |1234|1234|1234|1234|1234|1234|12…  0
 434  norvel        x...x...xx..xx..xx...x..x...x..x..xx/6          |1234|1234|1234|1234|1234|1234|12…  0
 435  norvel        x....x...x...x...x...x...x...x....xx...…        |1234|1234|1234|1234|1234|1234|12…  0
 436  norvel        xx..x..xx..x..x..x...x..x..xx..x/5              |1234|1234|1234|1234|1234|1234|12…  1
 437  norvel        xx...x...x...x...x....xx...x...x...x...…        |1234|1234|1234|1234|1234|1234|12…  0
 438  norvel        x....x....xx....x.....x....x....x....x.…        |1234|1234|1234|1234|1234|1234|12…  0
 439  norvel        xx...x...x...xx...xx...x...x....x...xx.…        |1234|1234|1234|1234|1234|1234|12…  0
 440  norvel        x...x..x..x..x..x..x..x...xxx..x/6              |1234|1234|1234|1234|1234|1234|12…  0
 441  norvel        xx...x...x...xx....x...xxx...xxx...x/5          |1234|1234|1234|1234|1234|1234|12…  0
 442  norvel        x..x..xx..x...x..xx..x..x...x..x/5              |1234|1234|1234|1234|1234|1234|12…  0
 443  norvel        x..x..xx..xxx...xx..x..xxx..x..x...x..x…        |1234|1234|1234|1234|1234|1234|12…  1
 444  norvel        x....x...x....xx....x....xx...x....x...…        |1234|1234|1234|1234|1234|1234|12…  0
 445  norvel        xx....xxx....x.....x....x....x....x....…        |1234|1234|1234|1234|1234|1234|12…  0
 446  norvel        x...xx...x...x....x....x...x...x...x...…        |1234|1234|1234|1234|1234|1234|12…  0
 447  norvel        x..x..x...xx..xx...xx...x...x..xx...x..…        |1234|1234|1234|1234|1234|1234|12…  0
 448  norvel        x....x...x...x....x...x...xx...xx....xx…        |1234|1234|1234|1234|1234|1234|12…  0
 449  norvel        x.....xx....xxx....x.....x....x....xx..…        |1234|1234|1234|1234|1234|1234|12…  0
 450  norvel        x....x...x....x...x...x...x...x...xx/3          |1234|1234|1234|1234|1234|1234|12…  0
 451  norvel        x..xx..xxx..x..xx..x...xx...x..x..xx/5          |1234|1234|1234|1234|1234|1234|12…  1
 452  norvel        x...xx...x....xx....x...x....x...x....x…        |1234|1234|1234|1234|1234|1234|12…  0
 453  norvel        x..x..x..xx...x..x...x..x...x..x/7              |1234|1234|1234|1234|1234|1234|12…  0
 454  norvel        x...x...x...x...x...x...x....x...x....x…        |1234|1234|1234|1234|1234|1234|12…  0
 455  norvel        x..x...x...x...x..x..x..x..xx..x..xx/6          |1234|1234|1234|1234|1234|1234|12…  0
 456  norvel        x...x..x..xx..x..x..x..xx..x..xx...x/4          |1234|1234|1234|1234|1234|1234|12…  1
 457  norvel        xx....xx...xx....xx....x...x....xx...x.…        |1234|1234|1234|1234|1234|1234|12…  0
 458  norvel        x...xx....x...x...x...x...xx...x/3              |1234|1234|1234|1234|1234|1234|12…  0
 459  norvel        x...x...xx...x...x...x....x...x...x....…        |1234|1234|1234|1234|1234|1234|12…  0
 460  norvel        x...x...x....x...x...x....x...x...xx...…        |1234|1234|1234|1234|1234|1234|12…  0
 461  norvel        x...xx...x....x...x...x....x....xx...xx…        |1234|1234|1234|1234|1234|1234|12…  0
 462  norvel        x...x..x..xx..x..x..x..x..xx/4                  |1234|1234|1234|1234|1234|1234|12…  0
 463  norvel        x..x...x..xx..x...x..x..x...x..x..xx/6          |1234|1234|1234|1234|1234|1234|12…  0
 464  norvel        xx..x...x..xxx..xx..x..x..x..xxx/6              |1234|1234|1234|1234|1234|1234|12…  1
 465  norvel        x....x....x...x...x...x...x...xx/3              |1234|1234|1234|1234|1234|1234|12…  0
 466  norvel        x..x...xx..x..x..x...xx..x..x..x..xx/7          |1234|1234|1234|1234|1234|1234|12…  0
 467  norvel        x..x...x..x..x...x...x..x...x..xx..x/8          |1234|1234|1234|1234|1234|1234|12…  0
 468  norvel        xx...x...xx..xx..x...x..x..x...x/6              |1234|1234|1234|1234|1234|1234|12…  0
 469  norvel        xx...xxx...xx..xxx..x...xx..x...x..x/5          |1234|1234|1234|1234|1234|1234|12…  0
 470  norvel        xx....x...x...xx....x....x....xx...x...…        |1234|1234|1234|1234|1234|1234|12…  0
 471  norvel        x....x....xx....x...x...x...x...xxx...x…        |1234|1234|1234|1234|1234|1234|12…  0
 472  norvel        x..x...x..x...x...x..x..x..x/2                  |1234|1234|1234|1234|1234|1234|12…  1
 473  norvel        x..x...x..x...x..x..x..x...x...x...x/4          |1234|1234|1234|1234|1234|1234|12…  0
 474  norvel        x....xx....xxx...x...xx...x...xx...x/3          |1234|1234|1234|1234|1234|1234|12…  0
 475  norvel        x.....xxx....x....x....x....xx....x....…        |1234|1234|1234|1234|1234|1234|12…  0
 476  norvel        xxx...x..x..xxx..xx..x..x..xx..x/6              |1234|1234|1234|1234|1234|1234|12…  1
 477  norvel        x...x....x...xxx....x...x....x....x...x…        |1234|1234|1234|1234|1234|1234|12…  0
 478  norvel        x...x...x...xx....x...x...x...x....x...…        |1234|1234|1234|1234|1234|1234|12…  0
 479  norvel        xx...xx...x...x...xx....x....xx...x...x…        |1234|1234|1234|1234|1234|1234|12…  0

per-name tally this round
name             presented correct  hit-rate
norvel                 480      65     13.5%
