Centaur Zendo round 6 (training)
round_id : 27c9ce89c1db4cd6a292091e71f25cd6
written  : 2026-09-04 22:25:44Z
presented=483  answered=483  correct=157  skipped=0
client answer latency: mean 0.134 ms  median 0.128 ms  max 1.073 ms  (n=483)

 idx  name          clue                                      answer                                    score
------------------------------------------------------------------------------------------------------------
   0  norvel        x..xxx..x...xx..x..xx..xx..xx..xx..x/7          |1234|1234|1234|1234|1234|1234|12…  1
   1  norvel        x...x..x...xxx..x...x..xx..x/5                  |1234|1234|1234|1234|1234|1234|12…  1
   2  norvel        x..x..xx..x..x..x...x...x..x..xx/4              |1234|1234|1234|1234|1234|1234|12…  0
   3  norvel        x....xx...xx...x...x...x...x...x/3              |1234|1234|1234|1234|1234|1234|12…  0
   4  norvel        x...xx...xx...x....x....x...x...x....x.…        |1234|1234|1234|1234|1234|1234|12…  0
   5  norvel        x....x....x....x....x....x.....x.....xx…        |1234|1234|1234|1234|1234|1234|12…  0
   6  norvel        x..x..xx..x...x..x...xx..x...x..x..x/8          |1234|1234|1234|1234|1234|1234|12…  1
   7  norvel        xx...xx...x....x....x...x....xx...x....…        |1234|1234|1234|1234|1234|1234|12…  0
   8  norvel        x...x...x...xx....x...x...xx...x/2              |1234|1234|1234|1234|1234|1234|12…  0
   9  norvel        x.....x....x....x....x.....xx.....x....…        |1234|1234|1234|1234|1234|1234|12…  0
  10  norvel        x....x.....x.....x....x....x....x....x.…        |1234|1234|1234|1234|1234|1234|12…  0
  11  norvel        x...x..x..x...x..x..x...x..x...x..xx/5          |1234|1234|1234|1234|1234|1234|12…  0
  12  norvel        xx....xx.....x....x....x....x....xx....…        |1234|1234|1234|1234|1234|1234|12…  0
  13  norvel        x..x...x...xx..x..x...x...xxx..x/6              |1234|1234|1234|1234|1234|1234|12…  1
  14  norvel        x..x...x..x..x..x..x..x..x..x..x/4              |1234|1234|1234|1234|1234|1234|12…  0
  15  norvel        x....xx....x....x...xx...x....x...x...x…        |1234|1234|1234|1234|1234|1234|12…  0
  16  norvel        x...x...xx...x....x...x...x...x...x...x…        |1234|1234|1234|1234|1234|1234|12…  0
  17  norvel        x..x..xx..xx..x..x..x...x...x..x..xx/7          |1234|1234|1234|1234|1234|1234|12…  0
  18  norvel        x..x..x...x...x..x...x...x..x..x...x/8          |1234|1234|1234|1234|1234|1234|12…  1
  19  norvel        x...x...x..x..x..x..x...x..x...x/7              |1234|1234|1234|1234|1234|1234|12…  1
  20  norvel        x..x..x...xx..x..x...x..x..x/4                  |1234|1234|1234|1234|1234|1234|12…  1
  21  norvel        x....x...x...x...x...x....x...x....x/2          |1234|1234|1234|1234|1234|1234|12…  0
  22  norvel        x...xx..x...xx..xx...x..xx..xxx..x..x..…        |1234|1234|1234|1234|1234|1234|12…  1
  23  norvel        xx...x...x....xxx...x...x...x...xx...xx…        |1234|1234|1234|1234|1234|1234|12…  0
  24  norvel        x..x..x..x..x...x..x...xx...x...x..x/7          |1234|1234|1234|1234|1234|1234|12…  0
  25  norvel        x....x.....xx....xx....xx.....x....x...…        |1234|1234|1234|1234|1234|1234|12…  0
  26  norvel        x....x....x...x...x...x....x...xxx...xx…        |1234|1234|1234|1234|1234|1234|12…  0
  27  norvel        x..xx..x...x..xxx...x..xx..x..x..xxx..x…        |1234|1234|1234|1234|1234|1234|12…  1
  28  norvel        x..x..x...x..x..x...x..x...x/6                  |1234|1234|1234|1234|1234|1234|12…  1
  29  norvel        x..x..xx...x..xx...x...x...x..xxx..x..x…        |1234|1234|1234|1234|1234|1234|12…  1
  30  norvel        x...xx...x...x....x...x...xx...x...x/6          |1234|1234|1234|1234|1234|1234|12…  0
  31  norvel        xx..x..x...xx..x..x..x..x..xx..x...x/7          |1234|1234|1234|1234|1234|1234|12…  0
  32  norvel        x....x....x....x....xx.....x.....x....x…        |1234|1234|1234|1234|1234|1234|12…  0
  33  norvel        x...x..x...x..x..x...xx..x..x..x/7              |1234|1234|1234|1234|1234|1234|12…  0
  34  norvel        x...x...x...x....xx...x...x...x...x...x…        |1234|1234|1234|1234|1234|1234|12…  1
  35  norvel        x...x...x....x...x...x...xx...x...x...x…        |1234|1234|1234|1234|1234|1234|12…  0
  36  norvel        x...x...x....x...x....x...x...x...x....…        |1234|1234|1234|1234|1234|1234|12…  0
  37  norvel        x..x...x..x..xx..x..xx..x..xxx..x..x/8          |1234|1234|1234|1234|1234|1234|12…  0
  38  norvel        x....x....x...x...x...x...x...x....x/6          |1234|1234|1234|1234|1234|1234|12…  0
  39  norvel        x...x....xx...x....x...xx...x....xx...x…        |1234|1234|1234|1234|1234|1234|12…  0
  40  norvel        x..xx...x..x..x..x...x..x..x/4                  |1234|1234|1234|1234|1234|1234|12…  1
  41  norvel        x..x...x..x..x...x...x..xx..x..x/5              |1234|1234|1234|1234|1234|1234|12…  1
  42  norvel        xx..x..x...x..x..x..xx..xxx..xx..xxx/5          |1234|1234|1234|1234|1234|1234|12…  0
  43  norvel        x..x...x...x...x..x..x..x..x/4                  |1234|1234|1234|1234|1234|1234|12…  1
  44  norvel        x..x..xx..x..x..xxx..x..x...x...x..x/4          |1234|1234|1234|1234|1234|1234|12…  0
  45  norvel        x...x....xx...x...x....x...x...x...x...…        |1234|1234|1234|1234|1234|1234|12…  0
  46  norvel        x..x..xx..x..x...x..x...x..x/5                  |1234|1234|1234|1234|1234|1234|12…  0
  47  norvel        x....xx....xx...x....x...x....x....x...…        |1234|1234|1234|1234|1234|1234|12…  0
  48  norvel        xx..x..x..x...x...x..x...x..x..x/4              |1234|1234|1234|1234|1234|1234|12…  1
  49  norvel        x...x...x...x....x....xx...x...x...x...…        |1234|1234|1234|1234|1234|1234|12…  1
  50  norvel        x....x....x...x...x...x...x....x...x...…        |1234|1234|1234|1234|1234|1234|12…  0
  51  norvel        xxx..x..x...x...x...xxx..x..x..x/6              |1234|1234|1234|1234|1234|1234|12…  0
  52  norvel        x...x..x..xx..x..xx..x..x..xx..x/5              |1234|1234|1234|1234|1234|1234|12…  1
  53  norvel        x....x...x...x...x...x....x...x....x...…        |1234|1234|1234|1234|1234|1234|12…  0
  54  norvel        x....x....x....x...xx....x...x....x....…        |1234|1234|1234|1234|1234|1234|12…  0
  55  norvel        x..x..x..x...x..x...x..xxx..x..x/5              |1234|1234|1234|1234|1234|1234|12…  0
  56  norvel        x..x..x..xx...xx..x..x..x..x/5                  |1234|1234|1234|1234|1234|1234|12…  1
  57  norvel        xx....xx...x...xxx....x...x...xx...x...…        |1234|1234|1234|1234|1234|1234|12…  0
  58  norvel        x...x....x....x...x....x...x...x...x...…        |1234|1234|1234|1234|1234|1234|12…  1
  59  norvel        x..x..x..x..x...x..xx...x...x..x/4              |1234|1234|1234|1234|1234|1234|12…  0
  60  norvel        x...xxx...xx....x....x...x...x...x....x…        |1234|1234|1234|1234|1234|1234|12…  0
  61  norvel        x...x....x...x...x....x...x....x/5              |1234|1234|1234|1234|1234|1234|12…  0
  62  norvel        x...xx...xx...x...x...x...x...x....x/5          |1234|1234|1234|1234|1234|1234|12…  0
  63  norvel        xx..x..x..x..x...x..x..x...xx..x...x/4          |1234|1234|1234|1234|1234|1234|12…  1
  64  norvel        xx..xx..x...x...x..x...x..x..x..x..x/8          |1234|1234|1234|1234|1234|1234|12…  1
  65  norvel        x..x..x..x..x..x..x..xx...xx..xx/6              |1234|1234|1234|1234|1234|1234|12…  0
  66  norvel        x...x...x....x....x...x....x...x...x...…        |1234|1234|1234|1234|1234|1234|12…  0
  67  norvel        x.....x.....x....xx.....xx.....x....xx.…        |1234|1234|1234|1234|1234|1234|12…  0
  68  norvel        x....x...x...x...x...x...xx....x...x...…        |1234|1234|1234|1234|1234|1234|12…  1
  69  norvel        x...x...x...x..x..x..x...x...x..x..x/8          |1234|1234|1234|1234|1234|1234|12…  0
  70  norvel        x...x..x..x..x..xx..x...xx...x..x..x/4          |1234|1234|1234|1234|1234|1234|12…  0
  71  norvel        x...x...x....x...x...x...x...xx....x...…        |1234|1234|1234|1234|1234|1234|12…  0
  72  norvel        x...x...x..x..x...x...x..x..x...x..x/6          |1234|1234|1234|1234|1234|1234|12…  1
  73  norvel        x....x...x...x...x...x....x...x...x...x…        |1234|1234|1234|1234|1234|1234|12…  0
  74  norvel        xx...xx..xx...x..xx..x...x..x...x..x/7          |1234|1234|1234|1234|1234|1234|12…  1
  75  norvel        x....x....x...x...xxx....x...x....xx/5          |1234|1234|1234|1234|1234|1234|12…  0
  76  norvel        xxx...x....x...x...x...x...x...x/3              |1234|1234|1234|1234|1234|1234|12…  0
  77  norvel        x....x.....xxx....x....x....x....x....x…        |1234|1234|1234|1234|1234|1234|12…  0
  78  norvel        x..x..x...x..xx..x..xx..x...x..x/6              |1234|1234|1234|1234|1234|1234|12…  0
  79  norvel        x...x...x...x....x....x...x....xx...xx.…        |1234|1234|1234|1234|1234|1234|12…  0
  80  norvel        xx...x....xx...x....x....x....x...x....…        |1234|1234|1234|1234|1234|1234|12…  1
  81  norvel        xx....x.....xx.....x....x....xx....xxx.…        |1234|1234|1234|1234|1234|1234|12…  0
  82  norvel        xx..x..x..x..x..x..xx..x...x/2                  |1234|1234|1234|1234|1234|1234|12…  1
  83  norvel        x....x....xx....xx.....x....x.....xx...…        |1234|1234|1234|1234|1234|1234|12…  0
  84  norvel        x....x...x...x....x...x...x....x...x/6          |1234|1234|1234|1234|1234|1234|12…  0
  85  norvel        x...xx...xxx...x...x...x...x....xxx....…        |1234|1234|1234|1234|1234|1234|12…  0
  86  norvel        xxx...x...x...x....x....xx...x....x....…        |1234|1234|1234|1234|1234|1234|12…  0
  87  norvel        x...x..x..xx...x..x..xx..xxx/4                  |1234|1234|1234|1234|1234|1234|12…  1
  88  norvel        xx.....x....x....x.....x.....x....xx...…        |1234|1234|1234|1234|1234|1234|12…  0
  89  norvel        x..x..x..x..x..x..xx...x..xx/2                  |1234|1234|1234|1234|1234|1234|12…  1
  90  norvel        x...x..x...x..x..x...x..x...x..x...x/7          |1234|1234|1234|1234|1234|1234|12…  0
  91  norvel        xx...x....x....x...x....x....xx...x....…        |1234|1234|1234|1234|1234|1234|12…  0
  92  norvel        x...x...x....x...x....x...x....x...x...…        |1234|1234|1234|1234|1234|1234|12…  0
  93  norvel        x..x...x..x..xx..x..xx..xx..x..x...x/7          |1234|1234|1234|1234|1234|1234|12…  0
  94  norvel        x...xx...x...x...xx...x...x....x/2              |1234|1234|1234|1234|1234|1234|12…  1
  95  norvel        x...x...x...x....x...x...x....x...x....…        |1234|1234|1234|1234|1234|1234|12…  0
  96  norvel        x..x..x..x..x...x..x..x..x..x..x/4              |1234|1234|1234|1234|1234|1234|12…  0
  97  norvel        x...x...x...x...xxx....x...x....x....x.…        |1234|1234|1234|1234|1234|1234|12…  0
  98  norvel        x....x....x.....xx....x....x.....x....x…        |1234|1234|1234|1234|1234|1234|12…  0
  99  norvel        x..xx..x..x..x...x..x...x..x/4                  |1234|1234|1234|1234|1234|1234|12…  1
 100  norvel        x..x...x..x..x...x..x..x...x..xx/7              |1234|1234|1234|1234|1234|1234|12…  1
 101  norvel        x....x....xx....x....x....xx....x.....x…        |1234|1234|1234|1234|1234|1234|12…  0
 102  norvel        x..x..x..xx...x..x..xx..x..x/4                  |1234|1234|1234|1234|1234|1234|12…  1
 103  norvel        x..x..x...x..x...x..x...x...x..x/6              |1234|1234|1234|1234|1234|1234|12…  0
 104  norvel        x...xx...xx...xxx...x...xx...x...xx....…        |1234|1234|1234|1234|1234|1234|12…  0
 105  norvel        x..x..x..xx...x..x..xxx..xx..xx...xx/5          |1234|1234|1234|1234|1234|1234|12…  0
 106  norvel        x....xx...x...x...x...x...x...x...x....…        |1234|1234|1234|1234|1234|1234|12…  0
 107  norvel        x....x...x...x...x...x...x...xx...x....…        |1234|1234|1234|1234|1234|1234|12…  0
 108  norvel        x..x...x..x..x..x..x...x...xx..x..xx/6          |1234|1234|1234|1234|1234|1234|12…  0
 109  norvel        x..xx...x..x...xx..x..xx...x/5                  |1234|1234|1234|1234|1234|1234|12…  1
 110  norvel        x....x....xx....x....xx.....x....xx....…        |1234|1234|1234|1234|1234|1234|12…  0
 111  norvel        xxx...x...xxx....x...x...x....x...x...x…        |1234|1234|1234|1234|1234|1234|12…  0
 112  norvel        xx..x..x..x...x...x...x..x..x...x..x/7          |1234|1234|1234|1234|1234|1234|12…  0
 113  norvel        xxx....x....xx....x....xx....x....xx...…        |1234|1234|1234|1234|1234|1234|12…  0
 114  norvel        xx...x...x...x...x...xx....x...x/2              |1234|1234|1234|1234|1234|1234|12…  1
 115  norvel        x....x....x...x...xxx...xx....x...x....…        |1234|1234|1234|1234|1234|1234|12…  0
 116  norvel        x..x..x...x...x..x...x...x..x...x..x/4          |1234|1234|1234|1234|1234|1234|12…  1
 117  norvel        xx...xxx...x...x...x...xxx...x..x..xx..…        |1234|1234|1234|1234|1234|1234|12…  0
 118  norvel        xx...x...xx...x....x....x...x....xx...x…        |1234|1234|1234|1234|1234|1234|12…  0
 119  norvel        xx...xx...xxx..x...x..x...xx...xx..x/2          |1234|1234|1234|1234|1234|1234|12…  0
 120  norvel        x...x....x...x...x....x...x...x...x...x…        |1234|1234|1234|1234|1234|1234|12…  0
 121  norvel        x....x...x...x...x...x...x....x....x...…        |1234|1234|1234|1234|1234|1234|12…  0
 122  norvel        xx..x...xx..xxx...x..x...x..x..x/4              |1234|1234|1234|1234|1234|1234|12…  0
 123  norvel        xx....xx....x....xx....x...xx...xx...xx…        |1234|1234|1234|1234|1234|1234|12…  0
 124  norvel        x....xx...x...x...x...x...x...x...xx...…        |1234|1234|1234|1234|1234|1234|12…  0
 125  norvel        xx...x...xx....xx...x...xx...xx....x...…        |1234|1234|1234|1234|1234|1234|12…  0
 126  norvel        x..x...x...x..x..x...x..x..x/2                  |1234|1234|1234|1234|1234|1234|12…  1
 127  norvel        x....x....x....x.....x.....x....x.....x…        |1234|1234|1234|1234|1234|1234|12…  0
 128  norvel        x...x..x...x..x..xx...x..x..x..x..xx/4          |1234|1234|1234|1234|1234|1234|12…  1
 129  norvel        xx....x...x...x...x....x...x...x/3              |1234|1234|1234|1234|1234|1234|12…  0
 130  norvel        x...x...x..x..x...xxx..x...x/5                  |1234|1234|1234|1234|1234|1234|12…  1
 131  norvel        x...xx....x....x....xx...xx....xx...xx.…        |1234|1234|1234|1234|1234|1234|12…  0
 132  norvel        xx..xx..xx..x...x..xxx..x..xx..x/6              |1234|1234|1234|1234|1234|1234|12…  1
 133  norvel        x...xx..xx..xx..x..xx..x..xx..x...xx/5          |1234|1234|1234|1234|1234|1234|12…  1
 134  norvel        x..x..x..x...x..x...x...x...x..x/6              |1234|1234|1234|1234|1234|1234|12…  0
 135  norvel        x...x..xx...x...xx...x...x..x..x...x/7          |1234|1234|1234|1234|1234|1234|12…  1
 136  norvel        x...x...x..x..xx..x...xxx...x..x/2              |1234|1234|1234|1234|1234|1234|12…  1
 137  norvel        x...x...x..x..xx..x..x..x..x/5                  |1234|1234|1234|1234|1234|1234|12…  1
 138  norvel        x...x...xx....x...x....x...xx...xx....x…        |1234|1234|1234|1234|1234|1234|12…  0
 139  norvel        x....x...x...x...x...x...x...x....x...x…        |1234|1234|1234|1234|1234|1234|12…  0
 140  norvel        xxx...x..xx...xx..x...xx...x..xx/2              |1234|1234|1234|1234|1234|1234|12…  0
 141  norvel        x...x....x...x...x...x...x....x...x....…        |1234|1234|1234|1234|1234|1234|12…  0
 142  norvel        x...x...x..x..x..x...x...x..x..x/6              |1234|1234|1234|1234|1234|1234|12…  1
 143  norvel        xx...x....x....x....xxx...xxx...x....x.…        |1234|1234|1234|1234|1234|1234|12…  0
 144  norvel        xx....x....x.....x....x....x.....xx....…        |1234|1234|1234|1234|1234|1234|12…  0
 145  norvel        x...x...x....x....x...x...x...x....x/2          |1234|1234|1234|1234|1234|1234|12…  1
 146  norvel        x...x...xx..xx..x..xx..x..x...xx..xxx..…        |1234|1234|1234|1234|1234|1234|12…  1
 147  norvel        x.....x.....x....x....x....x....x.....x…        |1234|1234|1234|1234|1234|1234|12…  0
 148  norvel        xx...x...x...xx...x..x...x...x..x..x...…        |1234|1234|1234|1234|1234|1234|12…  0
 149  norvel        x....xx....x.....xx....x....x....x....x…        |1234|1234|1234|1234|1234|1234|12…  0
 150  norvel        xx..xx..xx..xx..x..x..x..xx...xx..xx/7          |1234|1234|1234|1234|1234|1234|12…  1
 151  norvel        x...x...xx...xx...x...x...x....x/5              |1234|1234|1234|1234|1234|1234|12…  0
 152  norvel        xx...x...xx...x...x...x...x....x....x..…        |1234|1234|1234|1234|1234|1234|12…  0
 153  norvel        x..x..x...x..x...x..x...x..x/2                  |1234|1234|1234|1234|1234|1234|12…  1
 154  norvel        x..x..x..x..x...x...xx..x...xx..x..x/6          |1234|1234|1234|1234|1234|1234|12…  0
 155  norvel        xx..x...xxx...x..x...x..x..x...x/2              |1234|1234|1234|1234|1234|1234|12…  1
 156  norvel        xx...x...x...xxx...xx...xx...xx...x....…        |1234|1234|1234|1234|1234|1234|12…  1
 157  norvel        x...xx..x..x...xx...x..x...x..xx/2              |1234|1234|1234|1234|1234|1234|12…  1
 158  norvel        x...xxx...xx...x....x....xxx...x...x...…        |1234|1234|1234|1234|1234|1234|12…  0
 159  norvel        xx....xx....xx.....xx.....x....xx....xx…        |1234|1234|1234|1234|1234|1234|12…  0
 160  norvel        x...x...xx....x...xxx....x...x...xxx...…        |1234|1234|1234|1234|1234|1234|12…  0
 161  norvel        xx....x....x....x....x....x.....xx....x…        |1234|1234|1234|1234|1234|1234|12…  0
 162  norvel        xx...x...x...x...xx....x...x...xx....x.…        |1234|1234|1234|1234|1234|1234|12…  0
 163  norvel        x....x....x....x.....x.....x....x....x.…        |1234|1234|1234|1234|1234|1234|12…  0
 164  norvel        x...x..x...x...x..x...x...x..x..x..x/4          |1234|1234|1234|1234|1234|1234|12…  1
 165  norvel        x..xx..x..x..xxx..xx..xx...xx..x..xx...…        |1234|1234|1234|1234|1234|1234|12…  1
 166  norvel        x...x....xxx....xxx....xx...x...xx...x.…        |1234|1234|1234|1234|1234|1234|12…  0
 167  norvel        x...x...xx....xx....xxx...xx....x...x..…        |1234|1234|1234|1234|1234|1234|12…  0
 168  norvel        xx..x..x...x..xx...xxx..x..x..x...x...x…        |1234|1234|1234|1234|1234|1234|12…  1
 169  norvel        x...xx...x....xx...x...xx....x...xx...x…        |1234|1234|1234|1234|1234|1234|12…  0
 170  norvel        x...x...x....x....x....x...x...x...x/6          |1234|1234|1234|1234|1234|1234|12…  1
 171  norvel        x....x.....x.....x.....x....x.....x....…        |1234|1234|1234|1234|1234|1234|12…  0
 172  norvel        xx..xx..x..x..x..x...xx..x..x..x/6              |1234|1234|1234|1234|1234|1234|12…  1
 173  norvel        x....xx.....xxx....x....xx....xx.....x.…        |1234|1234|1234|1234|1234|1234|12…  0
 174  norvel        x....x....x....x...x....xx....x...x....…        |1234|1234|1234|1234|1234|1234|12…  0
 175  norvel        x...x...x...x....xx....xxx....x...xx/5          |1234|1234|1234|1234|1234|1234|12…  0
 176  norvel        x....xx...x....x...xx...xx...x...x....x…        |1234|1234|1234|1234|1234|1234|12…  0
 177  norvel        x...x....xxx...x...xx....x...x...x...x.…        |1234|1234|1234|1234|1234|1234|12…  0
 178  norvel        x....xx...x...x...x...x...x...x...x....…        |1234|1234|1234|1234|1234|1234|12…  0
 179  norvel        x..x...x..x...x..x..x..x...x/6                  |1234|1234|1234|1234|1234|1234|12…  1
 180  norvel        x..x...x..x...xxx...xx..xx..xx..x..x..x…        |1234|1234|1234|1234|1234|1234|12…  1
 181  norvel        x...x..x..x...x..x...x...x..x..x/6              |1234|1234|1234|1234|1234|1234|12…  1
 182  norvel        x..x...x...x...x...x..x..xx..x..x..x/8          |1234|1234|1234|1234|1234|1234|12…  1
 183  norvel        x..x..x..x..x..xx...x...x..x..x...xx/5          |1234|1234|1234|1234|1234|1234|12…  0
 184  norvel        x....xx....x....x....x...x...x....x...x…        |1234|1234|1234|1234|1234|1234|12…  0
 185  norvel        x...x...xx..x...x..xxx...x..x..xx..x..x…        |1234|1234|1234|1234|1234|1234|12…  1
 186  norvel        x...x...x....x....x....x...x...x...x...…        |1234|1234|1234|1234|1234|1234|12…  0
 187  norvel        x....xxx....xx.....x....xx.....x....x..…        |1234|1234|1234|1234|1234|1234|12…  0
 188  norvel        x.....x....x.....x....xx....x.....x....…        |1234|1234|1234|1234|1234|1234|12…  0
 189  norvel        x....xx....xxx...x...x....x....x...x/2          |1234|1234|1234|1234|1234|1234|12…  0
 190  norvel        xx....x....x....x....x.....x....xx....x…        |1234|1234|1234|1234|1234|1234|12…  0
 191  norvel        x....x....x...x...x...x...x....x...x/6          |1234|1234|1234|1234|1234|1234|12…  0
 192  norvel        x....x....x.....x....x....x....x....x..…        |1234|1234|1234|1234|1234|1234|12…  0
 193  norvel        x..x..x...x...xx...xx...x..x/2                  |1234|1234|1234|1234|1234|1234|12…  1
 194  norvel        x...xx..x..xx..xx...x...x..x...x/2              |1234|1234|1234|1234|1234|1234|12…  1
 195  norvel        x..x...x...x..x..x...x..xx..x..x/7              |1234|1234|1234|1234|1234|1234|12…  0
 196  norvel        xxx...xxx...x...x....xx...x...x....x/3          |1234|1234|1234|1234|1234|1234|12…  0
 197  norvel        x..x..x...x..x..x..x..x..x..x..x/7              |1234|1234|1234|1234|1234|1234|12…  1
 198  norvel        x...xx...x..x..x...x...x...xx..x/6              |1234|1234|1234|1234|1234|1234|12…  1
 199  norvel        x...x...xx..x...xx..x...x..x...x/2              |1234|1234|1234|1234|1234|1234|12…  1
 200  norvel        xx...x...x...x...x....x...x...x....x/5          |1234|1234|1234|1234|1234|1234|12…  0
 201  norvel        x..xx..x...x...xx..xx..x...x..x...xx..x…        |1234|1234|1234|1234|1234|1234|12…  1
 202  norvel        x....x....x...x...x...x....x...x...x...…        |1234|1234|1234|1234|1234|1234|12…  0
 203  norvel        x.....xxx....x....x....x....xx....x....…        |1234|1234|1234|1234|1234|1234|12…  0
 204  norvel        x.....x....xx.....x....x.....xx....xx..…        |1234|1234|1234|1234|1234|1234|12…  0
 205  norvel        x..x...x...x..x..x..x...x..x...x...x/4          |1234|1234|1234|1234|1234|1234|12…  1
 206  norvel        x..x..x..x..x..x..x...x..x..x..x/4              |1234|1234|1234|1234|1234|1234|12…  0
 207  norvel        x....x....x...x....x....x...xx....x....…        |1234|1234|1234|1234|1234|1234|12…  0
 208  norvel        x...x...x...x...x..x..x...x..x..x..x/8          |1234|1234|1234|1234|1234|1234|12…  1
 209  norvel        x..x...x...x...x..x...x...x..x..x..x/4          |1234|1234|1234|1234|1234|1234|12…  1
 210  norvel        x....x...x....xx...x....x...x....xx...x…        |1234|1234|1234|1234|1234|1234|12…  0
 211  norvel        x...xx...x...x...x...xx...x....x/5              |1234|1234|1234|1234|1234|1234|12…  0
 212  norvel        x...x....x...x....x...x...x...x...x...x…        |1234|1234|1234|1234|1234|1234|12…  0
 213  norvel        x...xx..xx...x...x..xxx..x...xxx...x/4          |1234|1234|1234|1234|1234|1234|12…  0
 214  norvel        x..x..x...x...x..x..x..xx...x..xx..x/5          |1234|1234|1234|1234|1234|1234|12…  0
 215  norvel        x..x..xxx..x..x..xxx...x..xx...x...x/5          |1234|1234|1234|1234|1234|1234|12…  1
 216  norvel        x...x..x...x...x..x...x..x..x..x...x/4          |1234|1234|1234|1234|1234|1234|12…  1
 217  norvel        xx....x...x...xx....x...x....x...x....x…        |1234|1234|1234|1234|1234|1234|12…  0
 218  norvel        x...x...x....x....x...x....x...x...x/2          |1234|1234|1234|1234|1234|1234|12…  0
 219  norvel        x...x...x....xx...x...x....xx....x....x…        |1234|1234|1234|1234|1234|1234|12…  0
 220  norvel        x...x...xx..x...x..x..x..x..x..x/4              |1234|1234|1234|1234|1234|1234|12…  1
 221  norvel        x...x...x...x...x....x...x....xx...x...…        |1234|1234|1234|1234|1234|1234|12…  0
 222  norvel        xx...xx...x..x...x...x...x..x...xxx...x…        |1234|1234|1234|1234|1234|1234|12…  0
 223  norvel        x....x....xx...x....x...x...xx...xx....…        |1234|1234|1234|1234|1234|1234|12…  0
 224  norvel        x....x....x...x...xxx...x...x...x...x..…        |1234|1234|1234|1234|1234|1234|12…  1
 225  norvel        x..x..xx..x..x..x...xx...xxx...xx..x..x…        |1234|1234|1234|1234|1234|1234|12…  0
 226  norvel        x...x...x...x....x....x....x...x/2              |1234|1234|1234|1234|1234|1234|12…  0
 227  norvel        x....xx....x....xx....x....x.....x....x…        |1234|1234|1234|1234|1234|1234|12…  0
 228  norvel        x...x...xx....x....x...x...x...x/3              |1234|1234|1234|1234|1234|1234|12…  0
 229  norvel        x....x...x....xx...x...x....x...x...xxx…        |1234|1234|1234|1234|1234|1234|12…  0
 230  norvel        x..x...x...x...x..x..xx..x..x..x/4              |1234|1234|1234|1234|1234|1234|12…  1
 231  norvel        xx..x..x..x...xx..x..x..x..x/2                  |1234|1234|1234|1234|1234|1234|12…  1
 232  norvel        x...x...x...x..x..xx..x..x..x..x..xx/8          |1234|1234|1234|1234|1234|1234|12…  1
 233  norvel        x....x...x...x...x....x...x....x...x/2          |1234|1234|1234|1234|1234|1234|12…  0
 234  norvel        x...x...x...xx....x...x...x....x...x...…        |1234|1234|1234|1234|1234|1234|12…  0
 235  norvel        xxx....x...xx....x...x...x....xx...x/5          |1234|1234|1234|1234|1234|1234|12…  0
 236  norvel        x...x..x...xx...x..x..x..xx..xxx/4              |1234|1234|1234|1234|1234|1234|12…  1
 237  norvel        xxx....x....x....x....x....xx....x....x…        |1234|1234|1234|1234|1234|1234|12…  0
 238  norvel        x....x.....xxx....x....x....xxx....xx..…        |1234|1234|1234|1234|1234|1234|12…  0
 239  norvel        x....x....x...xx...x...x...x...x/3              |1234|1234|1234|1234|1234|1234|12…  0
 240  norvel        x..x...x...x..x...x...x..x..x...x..x/6          |1234|1234|1234|1234|1234|1234|12…  1
 241  norvel        xx..xxx...x..xx..xx..x..xx..x..xx..x/6          |1234|1234|1234|1234|1234|1234|12…  1
 242  norvel        x...x...x...xx...xx...x....x...x...x/6          |1234|1234|1234|1234|1234|1234|12…  0
 243  norvel        x..xx..xx..x..xx...xx..x..xxx...x..xx..…        |1234|1234|1234|1234|1234|1234|12…  1
 244  norvel        x...xx...xxx...x...x....x...x....x...x.…        |1234|1234|1234|1234|1234|1234|12…  0
 245  norvel        x...xx...x..xx..x...x...x..x...x/4              |1234|1234|1234|1234|1234|1234|12…  1
 246  norvel        x...x....x....x....xx...x...xxx....x/2          |1234|1234|1234|1234|1234|1234|12…  0
 247  norvel        x..x..x...x...xx..x...xx...x/5                  |1234|1234|1234|1234|1234|1234|12…  1
 248  norvel        xx...x...x....x...x....x....xx...x....x…        |1234|1234|1234|1234|1234|1234|12…  0
 249  norvel        x..x...x..x..x...x..x...x..x/4                  |1234|1234|1234|1234|1234|1234|12…  1
 250  norvel        x...x....x...xxx...x...x...x....xx....x…        |1234|1234|1234|1234|1234|1234|12…  0
 251  norvel        x..x...x..x..x..xx...xxx..xx..xxx..xx..…        |1234|1234|1234|1234|1234|1234|12…  0
 252  norvel        x....xx....x...x....x....xx...x...x...x…        |1234|1234|1234|1234|1234|1234|12…  0
 253  norvel        xxx...xx...x...xx....xx...x...x...xx/3          |1234|1234|1234|1234|1234|1234|12…  0
 254  norvel        x...x..x...x...x..x...x...x..x..x..x/4          |1234|1234|1234|1234|1234|1234|12…  1
 255  norvel        x..x...x..x..x..xx...xx..xx..x..x..x/5          |1234|1234|1234|1234|1234|1234|12…  1
 256  norvel        x....x....x....x.....x.....x.....x.....…        |1234|1234|1234|1234|1234|1234|12…  0
 257  norvel        x...xx...x....x...x...x...xx...x...x...…        |1234|1234|1234|1234|1234|1234|12…  0
 258  norvel        x....x....x...x...xx....x...xx...xx....…        |1234|1234|1234|1234|1234|1234|12…  0
 259  norvel        xx...xx...x...x....x...x...xx...xx...x.…        |1234|1234|1234|1234|1234|1234|12…  0
 260  norvel        x...x....xx....x....xx....x...x...xx...…        |1234|1234|1234|1234|1234|1234|12…  0
 261  norvel        xx....x...x...xxx...x....x...x...x....x…        |1234|1234|1234|1234|1234|1234|12…  0
 262  norvel        xx..x..x..x..x..x..xxx...xx...xxx..xx..…        |1234|1234|1234|1234|1234|1234|12…  1
 263  norvel        x..x...xx..xx..x..xx...x..x...xx/4              |1234|1234|1234|1234|1234|1234|12…  1
 264  norvel        x...x...xx...x...x....x...xx...x...x/6          |1234|1234|1234|1234|1234|1234|12…  0
 265  norvel        x..x...x..x...x..x..x...x..x...x/6              |1234|1234|1234|1234|1234|1234|12…  0
 266  norvel        x...x...xx...x....x...x...x....xx....xx…        |1234|1234|1234|1234|1234|1234|12…  0
 267  norvel        x...x...x...x...x....x...x....x....x...…        |1234|1234|1234|1234|1234|1234|12…  0
 268  norvel        x...x....x....x...x...x....x...x...x...…        |1234|1234|1234|1234|1234|1234|12…  0
 269  norvel        x..xx...x..xx..x..x..x..xx...x...xxx..x…        |1234|1234|1234|1234|1234|1234|12…  1
 270  norvel        x...x...x...x....xx...x...xx...x/5              |1234|1234|1234|1234|1234|1234|12…  0
 271  norvel        xx....xx...x...x....xx....xxx....xx...x…        |1234|1234|1234|1234|1234|1234|12…  0
 272  norvel        x...x...x...x...x...x....x...xx....x...…        |1234|1234|1234|1234|1234|1234|12…  0
 273  norvel        x....x....x.....xx....xx....x....x....x…        |1234|1234|1234|1234|1234|1234|12…  0
 274  norvel        x...x....x....x...xxx...x....xx...x....…        |1234|1234|1234|1234|1234|1234|12…  0
 275  norvel        x...xx..xx...x...xxx...x..xx...x...x/5          |1234|1234|1234|1234|1234|1234|12…  0
 276  norvel        x..x..xx..x..x..x..xx...x..x...x/4              |1234|1234|1234|1234|1234|1234|12…  0
 277  norvel        x...x..x..x..x..x...x...x..x/4                  |1234|1234|1234|1234|1234|1234|12…  0
 278  norvel        xxx....xxx....x....xx....x.....xx....x.…        |1234|1234|1234|1234|1234|1234|12…  0
 279  norvel        x....x....x....x....x....x.....x....x..…        |1234|1234|1234|1234|1234|1234|12…  0
 280  norvel        x..x...x..xx..x...xx..xx..x...xx/2              |1234|1234|1234|1234|1234|1234|12…  1
 281  norvel        x....xx....xx....x...x...x....xx...x...…        |1234|1234|1234|1234|1234|1234|12…  0
 282  norvel        x..xx...x..x...x..x..x..x...x..x/5              |1234|1234|1234|1234|1234|1234|12…  1
 283  norvel        xx...x....x...x...x...x...xx....xxx...x…        |1234|1234|1234|1234|1234|1234|12…  0
 284  norvel        x...xx...x...x...xx....x...x...x...x/6          |1234|1234|1234|1234|1234|1234|12…  0
 285  norvel        xxx..x...x..x..xxx..xx...xxx...x/2              |1234|1234|1234|1234|1234|1234|12…  0
 286  norvel        x....x.....x....x....x.....x....x....x.…        |1234|1234|1234|1234|1234|1234|12…  0
 287  norvel        x..xx..x..x..x..xx...x..x..xx..x..xx/4          |1234|1234|1234|1234|1234|1234|12…  0
 288  norvel        x..x...x..x..xx..x..xx..x..x/2                  |1234|1234|1234|1234|1234|1234|12…  1
 289  norvel        x....x...x...x...x...x...xx...xx/3              |1234|1234|1234|1234|1234|1234|12…  0
 290  norvel        x...x..x...xx..x..xxx..x...xx..x..xx/5          |1234|1234|1234|1234|1234|1234|12…  1
 291  norvel        x....x...x....xx...x...xx...xx....x....…        |1234|1234|1234|1234|1234|1234|12…  0
 292  norvel        xx..xx...x..xx..x..x..xx..xx..xx...x..x…        |1234|1234|1234|1234|1234|1234|12…  1
 293  norvel        x...x....x...x...x...x...x...x....xx...…        |1234|1234|1234|1234|1234|1234|12…  0
 294  norvel        xx...x...xx....x...xxx...x...xx...xx/3          |1234|1234|1234|1234|1234|1234|12…  0
 295  norvel        xx..x..xxx..x...xx..xx..x..xx..x...x/4          |1234|1234|1234|1234|1234|1234|12…  1
 296  norvel        x...xx...x...x....xx...x...x...xx....xx…        |1234|1234|1234|1234|1234|1234|12…  0
 297  norvel        xx...xx...x..xx..x..xx...x..x..x/2              |1234|1234|1234|1234|1234|1234|12…  0
 298  norvel        x...x...xx...x...x...xx....x...x/3              |1234|1234|1234|1234|1234|1234|12…  0
 299  norvel        xx..xx..xx..xx..x..x..xx..xxx..x...x/6          |1234|1234|1234|1234|1234|1234|12…  1
 300  norvel        xxx..x..x..x..x...xx...xx..x..xxx..x/6          |1234|1234|1234|1234|1234|1234|12…  1
 301  norvel        xxx....x...x....xx...x....x...x...x...x…        |1234|1234|1234|1234|1234|1234|12…  0
 302  norvel        x..x..xxx..x...x..xx..x..x..x..x/4              |1234|1234|1234|1234|1234|1234|12…  1
 303  norvel        x...x..x..x...x...x..xx..x..x..x/7              |1234|1234|1234|1234|1234|1234|12…  0
 304  norvel        x..x..xx...x..xx..xx...x...x..xx/4              |1234|1234|1234|1234|1234|1234|12…  1
 305  norvel        x...x...x....xx...x...x....xx...xx....x…        |1234|1234|1234|1234|1234|1234|12…  1
 306  norvel        x....xxx....x.....x....x....x....x....x…        |1234|1234|1234|1234|1234|1234|12…  1
 307  norvel        x..x..x..x..x...x...x..x..xxx..x/6              |1234|1234|1234|1234|1234|1234|12…  0
 308  norvel        x..x...x..x...xx..x..x..xxx...xx/6              |1234|1234|1234|1234|1234|1234|12…  1
 309  norvel        xx...x...x...xx...x....x...x...x....xx.…        |1234|1234|1234|1234|1234|1234|12…  0
 310  norvel        x...x...x....x...xx...x....x...x/3              |1234|1234|1234|1234|1234|1234|12…  1
 311  norvel        x...xxx...xxx...x....x...x...xx....x...…        |1234|1234|1234|1234|1234|1234|12…  0
 312  norvel        x....x...x...x...x...x...x...x....xx...…        |1234|1234|1234|1234|1234|1234|12…  0
 313  norvel        x..xx..x..x..x..x...xx..x..x..xx/5              |1234|1234|1234|1234|1234|1234|12…  0
 314  norvel        x....x....x....x....x.....x....x....xx.…        |1234|1234|1234|1234|1234|1234|12…  0
 315  norvel        xx....xxx...xx...xx...x....x...xx...x..…        |1234|1234|1234|1234|1234|1234|12…  0
 316  norvel        x..x...x..x..x..x..xxx..x...x...x..x/4          |1234|1234|1234|1234|1234|1234|12…  0
 317  norvel        xxx....x....x...x...x...x...x....xx...x…        |1234|1234|1234|1234|1234|1234|12…  0
 318  norvel        x....x....x...x...x...x....x...x...x...…        |1234|1234|1234|1234|1234|1234|12…  0
 319  norvel        x..x...x..x..x..x...x...x..x/2                  |1234|1234|1234|1234|1234|1234|12…  1
 320  norvel        xx..x..xxx...xxx...x..x...x..x...x..x..…        |1234|1234|1234|1234|1234|1234|12…  0
 321  norvel        xx...x...x....x...x....x...x...x...x/5          |1234|1234|1234|1234|1234|1234|12…  0
 322  norvel        x...x...xxx....xxx...x...x....xx...x...…        |1234|1234|1234|1234|1234|1234|12…  0
 323  norvel        x...x...xx...x...x....x...x...x....x...…        |1234|1234|1234|1234|1234|1234|12…  0
 324  norvel        x...x..x...xx...x...x...x..xx..x/2              |1234|1234|1234|1234|1234|1234|12…  1
 325  norvel        x...x....xx...x...x...xx...x...x...x/6          |1234|1234|1234|1234|1234|1234|12…  0
 326  norvel        x...x....x...x...x...x....x...x....x/6          |1234|1234|1234|1234|1234|1234|12…  0
 327  norvel        xx..x...x..xx..x..x..x..x..x/2                  |1234|1234|1234|1234|1234|1234|12…  1
 328  norvel        x...xxx..xx...xx..x..x...x..x..x/6              |1234|1234|1234|1234|1234|1234|12…  0
 329  norvel        x...x...xx...x...x...x...x...xx...x...x…        |1234|1234|1234|1234|1234|1234|12…  0
 330  norvel        x...x...x..x..x..x..x..x...x...x...x/4          |1234|1234|1234|1234|1234|1234|12…  1
 331  norvel        xx...xxx...x...x...x...x...xx....xx...x…        |1234|1234|1234|1234|1234|1234|12…  0
 332  norvel        x....x....xx...xx...x...x...xx....x....…        |1234|1234|1234|1234|1234|1234|12…  0
 333  norvel        x..xx..x...xx..x..x...x..xx..x..x..x/5          |1234|1234|1234|1234|1234|1234|12…  1
 334  norvel        x...x..x..x..xxx..xx..x..x...x..x..x/4          |1234|1234|1234|1234|1234|1234|12…  1
 335  norvel        x...x....x...xx...x...xx...x...x...x...…        |1234|1234|1234|1234|1234|1234|12…  0
 336  norvel        x....xx...x....x....x...x...x....x....x…        |1234|1234|1234|1234|1234|1234|12…  0
 337  norvel        xx...x....xx...x...x....x...xx....x....…        |1234|1234|1234|1234|1234|1234|12…  0
 338  norvel        x...xx...x....x...x....x...x...x...x...…        |1234|1234|1234|1234|1234|1234|12…  1
 339  norvel        x..x..xx...x..x..x...x..x...xx...xx..xx…        |1234|1234|1234|1234|1234|1234|12…  0
 340  norvel        xx..xx..x..x..xx..x..x..x..x..xx...x/5          |1234|1234|1234|1234|1234|1234|12…  1
 341  norvel        x....x...xx...x...x...x...x....x...x/5          |1234|1234|1234|1234|1234|1234|12…  0
 342  norvel        x...x...x....x....x...x...x....x...x/6          |1234|1234|1234|1234|1234|1234|12…  0
 343  norvel        x...x....x....x....x....x....x....x....…        |1234|1234|1234|1234|1234|1234|12…  0
 344  norvel        x...x....xxx....xx...x...xx....x...x/2          |1234|1234|1234|1234|1234|1234|12…  0
 345  norvel        x.....x.....x....x....x....xx....x....x…        |1234|1234|1234|1234|1234|1234|12…  0
 346  norvel        xx...x..x...x..xx...x..xx..x..xx/2              |1234|1234|1234|1234|1234|1234|12…  1
 347  norvel        x....x...x....x....x...x...x...x...x/2          |1234|1234|1234|1234|1234|1234|12…  0
 348  norvel        x..x...x..x...x..x..x...x..x...x/6              |1234|1234|1234|1234|1234|1234|12…  0
 349  norvel        x...x...xx..xxx..x...x..x..x/5                  |1234|1234|1234|1234|1234|1234|12…  0
 350  norvel        xx..xxx...x...xx..xx..x..x..x..x..xxx..…        |1234|1234|1234|1234|1234|1234|12…  0
 351  norvel        xx...x....x...x....x....x....x...x...xx…        |1234|1234|1234|1234|1234|1234|12…  0
 352  norvel        x..xx..x..xx...x...x...xxx..x..x...x..x…        |1234|1234|1234|1234|1234|1234|12…  1
 353  norvel        x.....x.....x.....x....xx....xx.....xx.…        |1234|1234|1234|1234|1234|1234|12…  0
 354  norvel        x...x..xx...xx..x..x..xx..x...x...xxx..…        |1234|1234|1234|1234|1234|1234|12…  1
 355  norvel        x...x....x....x...x....x...x...x...x/2          |1234|1234|1234|1234|1234|1234|12…  0
 356  norvel        xx...x....xx...x...xx....x...xx...x...x…        |1234|1234|1234|1234|1234|1234|12…  0
 357  norvel        x...xx..x..xx..x..x..x..x..x...xx..x/4          |1234|1234|1234|1234|1234|1234|12…  1
 358  norvel        xx...x...x...x...xx....x....x....x...x.…        |1234|1234|1234|1234|1234|1234|12…  0
 359  norvel        x...x....x....x...x...x...x...x...x....…        |1234|1234|1234|1234|1234|1234|12…  0
 360  norvel        x....x.....xx....xx.....xx....x....xx..…        |1234|1234|1234|1234|1234|1234|12…  0
 361  norvel        x..x..x..xx...xx..x...x...x..x..x..x/4          |1234|1234|1234|1234|1234|1234|12…  1
 362  norvel        xx...xx...xx...xx...xx...xx...x....x/2          |1234|1234|1234|1234|1234|1234|12…  1
 363  norvel        x..x...x..x..x..x...xx..x..x/4                  |1234|1234|1234|1234|1234|1234|12…  0
 364  norvel        x....xx...xx....x....x....x....xx...xx.…        |1234|1234|1234|1234|1234|1234|12…  0
 365  norvel        x...xx...x...x...x....x....x...x...x...…        |1234|1234|1234|1234|1234|1234|12…  0
 366  norvel        x...x...x...xx...x...xx....x...x/5              |1234|1234|1234|1234|1234|1234|12…  0
 367  norvel        x....x...x...x...x...xxx...xxx...x....x…        |1234|1234|1234|1234|1234|1234|12…  0
 368  norvel        xx....xx....xxx....x...xx....x...x...xx…        |1234|1234|1234|1234|1234|1234|12…  0
 369  norvel        x..xx..x..x...x..xxx..x...x..x..x..x/4          |1234|1234|1234|1234|1234|1234|12…  1
 370  norvel        x..x..x..x..x...x...x..x...x...x...x/4          |1234|1234|1234|1234|1234|1234|12…  0
 371  norvel        x...x...x..x...x..x..xx..xx...x...xx/6          |1234|1234|1234|1234|1234|1234|12…  1
 372  norvel        x...x..x...x..x..x..x...x..x/4                  |1234|1234|1234|1234|1234|1234|12…  1
 373  norvel        x..x..x..x..x..xx...x..x..xx/2                  |1234|1234|1234|1234|1234|1234|12…  1
 374  norvel        xx....xx....xx....x....x....x.....x....…        |1234|1234|1234|1234|1234|1234|12…  0
 375  norvel        x....x....x.....x....x....xx....x....x.…        |1234|1234|1234|1234|1234|1234|12…  0
 376  norvel        x...xx...xxx...x....x...xx...xx...xx...…        |1234|1234|1234|1234|1234|1234|12…  0
 377  norvel        xx....x...x...x....x....xx....xx...x...…        |1234|1234|1234|1234|1234|1234|12…  0
 378  norvel        x....x.....x.....x....x....x....x....x.…        |1234|1234|1234|1234|1234|1234|12…  1
 379  norvel        x..xxx..xx...x...x...x...x..x..x/6              |1234|1234|1234|1234|1234|1234|12…  0
 380  norvel        x...xx..x...x..x..x..x..x..x..xx/5              |1234|1234|1234|1234|1234|1234|12…  1
 381  norvel        x....x...xx...x...xx...xx...xxx...x...x…        |1234|1234|1234|1234|1234|1234|12…  0
 382  norvel        x..x...x...xxx..xx..xxx...x..xxx...x/5          |1234|1234|1234|1234|1234|1234|12…  1
 383  norvel        x..x..x..xx..x...x..x..xx..xx..x/5              |1234|1234|1234|1234|1234|1234|12…  0
 384  norvel        x....x...x...xx...x...x...xxx...xxx....…        |1234|1234|1234|1234|1234|1234|12…  0
 385  norvel        x..x...xx...xx..x...x...x...x..x/4              |1234|1234|1234|1234|1234|1234|12…  1
 386  norvel        x....x...x...x...x....x...x...x...xx/3          |1234|1234|1234|1234|1234|1234|12…  0
 387  norvel        x...x...x...xx...xx...xxx....xx...x...x…        |1234|1234|1234|1234|1234|1234|12…  1
 388  norvel        x...x...x....xx...x....xx...x....x....x…        |1234|1234|1234|1234|1234|1234|12…  0
 389  norvel        xx....xxx....x....xx.....x....x....xx..…        |1234|1234|1234|1234|1234|1234|12…  0
 390  norvel        x....x....x...xx...x...x....x....x....x…        |1234|1234|1234|1234|1234|1234|12…  0
 391  norvel        xx...x..xx..x...x..xx...xx..x..x..xx/5          |1234|1234|1234|1234|1234|1234|12…  1
 392  norvel        xx..xx..x..xx..x...x..xx...x/4                  |1234|1234|1234|1234|1234|1234|12…  1
 393  norvel        xx...xx....x...x....xxx....xx....x...x.…        |1234|1234|1234|1234|1234|1234|12…  0
 394  norvel        x...x...x....xx...x...x...x...xx...x...…        |1234|1234|1234|1234|1234|1234|12…  0
 395  norvel        x..x...x..xx...x..xx..x..x...x..x..x/8          |1234|1234|1234|1234|1234|1234|12…  0
 396  norvel        x.....x....x....x....x....x....x....x..…        |1234|1234|1234|1234|1234|1234|12…  1
 397  norvel        x..xx..x..xx...x..xx..xxx..x..x...x...x…        |1234|1234|1234|1234|1234|1234|12…  1
 398  norvel        x....x...x....xx...xx...x....x....x...x…        |1234|1234|1234|1234|1234|1234|12…  0
 399  norvel        x...x...x....x...x...x....x...x...x...x…        |1234|1234|1234|1234|1234|1234|12…  0
 400  norvel        x...x....x...x....x....x...x....x...x..…        |1234|1234|1234|1234|1234|1234|12…  0
 401  norvel        x...x...xx...x...xx...x...x....x...xx..…        |1234|1234|1234|1234|1234|1234|12…  0
 402  norvel        x...x...x....x...x....x...x....x...x...…        |1234|1234|1234|1234|1234|1234|12…  0
 403  norvel        x....xx....x...x....x....x....x...x...x…        |1234|1234|1234|1234|1234|1234|12…  0
 404  norvel        x..xx..x...xx...x..xx..x...xx..x/6              |1234|1234|1234|1234|1234|1234|12…  1
 405  norvel        x....x....x...x...x...x...x...xx...x...…        |1234|1234|1234|1234|1234|1234|12…  0
 406  norvel        xx....xx...xx....x...xx...x....x...x/5          |1234|1234|1234|1234|1234|1234|12…  0
 407  norvel        x..x..x...xx..x...x..x..x...xx..x..x/6          |1234|1234|1234|1234|1234|1234|12…  0
 408  norvel        x....x...x...x...xx...x....x...x/3              |1234|1234|1234|1234|1234|1234|12…  0
 409  norvel        xx...xxx...xx....x....xx...x...x...x/3          |1234|1234|1234|1234|1234|1234|12…  0
 410  norvel        x...x....xx...x...xx...x...x...x/5              |1234|1234|1234|1234|1234|1234|12…  0
 411  norvel        x...xx....x....x....x....x...x....x....…        |1234|1234|1234|1234|1234|1234|12…  0
 412  norvel        x...xx..x...x..xx...x..x..xx...x/6              |1234|1234|1234|1234|1234|1234|12…  1
 413  norvel        x...xx....xx...x...xx...x....x....x...x…        |1234|1234|1234|1234|1234|1234|12…  0
 414  norvel        xx..xx..x...xx..x..x...xx...x...x..x...…        |1234|1234|1234|1234|1234|1234|12…  1
 415  norvel        x....x...xxx...x...xx....xx....x....xxx…        |1234|1234|1234|1234|1234|1234|12…  0
 416  norvel        x...xx....xx...x...xx...x...xxx...xx...…        |1234|1234|1234|1234|1234|1234|12…  0
 417  norvel        x....xxx...x....xx....xx...xx....x....x…        |1234|1234|1234|1234|1234|1234|12…  0
 418  norvel        x....xxx....xxx....x....xx....xx....xx.…        |1234|1234|1234|1234|1234|1234|12…  0
 419  norvel        x..x..x...x..x...xx...x..x..x..x..xx/6          |1234|1234|1234|1234|1234|1234|12…  1
 420  norvel        x....x...x....x...x...x....x...x/5              |1234|1234|1234|1234|1234|1234|12…  0
 421  norvel        x...x...x...x...x...x...x....x....xx...…        |1234|1234|1234|1234|1234|1234|12…  1
 422  norvel        x...x...x...x....x...x....x...x....x/2          |1234|1234|1234|1234|1234|1234|12…  0
 423  norvel        x...x...x....x....xx....x...x...x...xx.…        |1234|1234|1234|1234|1234|1234|12…  0
 424  norvel        x..x..x..x...xx..x..xx..x..xx..x/6              |1234|1234|1234|1234|1234|1234|12…  0
 425  norvel        xx...x..x..x...x..x..xxx..x..x..xxx...x…        |1234|1234|1234|1234|1234|1234|12…  1
 426  norvel        xx...x...xx...xx...xx...x...x....xxx/5          |1234|1234|1234|1234|1234|1234|12…  0
 427  norvel        xx..x..x..x..x...x..x..xx..x/2                  |1234|1234|1234|1234|1234|1234|12…  1
 428  norvel        x...x...x...x....x...x...x...x...xx....…        |1234|1234|1234|1234|1234|1234|12…  0
 429  norvel        x...xx...x..xx...x...x...x..x..x/4              |1234|1234|1234|1234|1234|1234|12…  0
 430  norvel        xx..x..xx...x..x..x..xx..x..x...x..x/5          |1234|1234|1234|1234|1234|1234|12…  1
 431  norvel        x....xx...x....x....xx....x...x...xx/2          |1234|1234|1234|1234|1234|1234|12…  0
 432  norvel        x..x...x...x..xx..x...x..x..x..x/5              |1234|1234|1234|1234|1234|1234|12…  1
 433  norvel        xx..x...x..x..xx..x...x..xx..x..x..x/4          |1234|1234|1234|1234|1234|1234|12…  1
 434  norvel        x..x..x...x..x..x...x..x...x/2                  |1234|1234|1234|1234|1234|1234|12…  1
 435  norvel        xx...x..x...x..x..xx...xxx..x..x...x/6          |1234|1234|1234|1234|1234|1234|12…  1
 436  norvel        x....x....x....x.....x.....x....x....x.…        |1234|1234|1234|1234|1234|1234|12…  0
 437  norvel        x..x...x...x..x..x...x..x..x/4                  |1234|1234|1234|1234|1234|1234|12…  1
 438  norvel        xx..x...xx...x..xx..x..x..xx/4                  |1234|1234|1234|1234|1234|1234|12…  1
 439  norvel        x...x....x....x...x...x...x....x...x/2          |1234|1234|1234|1234|1234|1234|12…  0
 440  norvel        xx....x....x...x...x...xxx....xx...xxx.…        |1234|1234|1234|1234|1234|1234|12…  0
 441  norvel        x....x.....x....xx....x....xx....xx....…        |1234|1234|1234|1234|1234|1234|12…  0
 442  norvel        xx..x..x..x..xx..x...xx...x...xxx..x/4          |1234|1234|1234|1234|1234|1234|12…  1
 443  norvel        x..x..x..x..x...x..xx..x...xx..x/5              |1234|1234|1234|1234|1234|1234|12…  0
 444  norvel        x....x....x....x....x.....x....x....xx.…        |1234|1234|1234|1234|1234|1234|12…  0
 445  norvel        x....x...xx...xx...x...x...x...x/3              |1234|1234|1234|1234|1234|1234|12…  0
 446  norvel        xx.....x....x.....xx....x.....x....x...…        |1234|1234|1234|1234|1234|1234|12…  0
 447  norvel        x....x....x.....x....x.....x....x....x.…        |1234|1234|1234|1234|1234|1234|12…  0
 448  norvel        x...xx....x...xxx...x...x....xx....x/2          |1234|1234|1234|1234|1234|1234|12…  0
 449  norvel        x..x...x...x...x..x..x..x...x..x...x/4          |1234|1234|1234|1234|1234|1234|12…  1
 450  norvel        xx.....x....xxx....xx....x....x....x...…        |1234|1234|1234|1234|1234|1234|12…  0
 451  norvel        x...xx...x....x...x...x...xx...x...x/3          |1234|1234|1234|1234|1234|1234|12…  0
 452  norvel        x..x..x...x...x...x..x..x...x...x..x/4          |1234|1234|1234|1234|1234|1234|12…  1
 453  norvel        x....x....x.....x....xx.....xx.....x...…        |1234|1234|1234|1234|1234|1234|12…  0
 454  norvel        x...x....x...x...x...x....x....x...x/6          |1234|1234|1234|1234|1234|1234|12…  0
 455  norvel        x...x....xxx...x...x...x...x...x/5              |1234|1234|1234|1234|1234|1234|12…  0
 456  norvel        x....x...x...x...x....x...x...x...x...x…        |1234|1234|1234|1234|1234|1234|12…  0
 457  norvel        x...x....x...x...xx...xx...x...x...x/3          |1234|1234|1234|1234|1234|1234|12…  0
 458  norvel        x.....xx....x....x....x....x....x....xx…        |1234|1234|1234|1234|1234|1234|12…  0
 459  norvel        xxx...x...x...x...xx....xx...x...x...xx…        |1234|1234|1234|1234|1234|1234|12…  0
 460  norvel        x...x...x....x...xx...xx...x....x....x.…        |1234|1234|1234|1234|1234|1234|12…  0
 461  norvel        xx...x...xx...x...x..x..x..xx..x/5              |1234|1234|1234|1234|1234|1234|12…  0
 462  norvel        x..x..x...x..x...x...x..x..x/6                  |1234|1234|1234|1234|1234|1234|12…  1
 463  norvel        xxx..x..x..x..x...x..x...x..x..x/6              |1234|1234|1234|1234|1234|1234|12…  1
 464  norvel        x...x..x...xx..x...x..xxx..x/5                  |1234|1234|1234|1234|1234|1234|12…  1
 465  norvel        x..x...x..xx..x..xx..x...x..x..xx..x/4          |1234|1234|1234|1234|1234|1234|12…  1
 466  norvel        x....x.....x.....xx....xx....x.....xx..…        |1234|1234|1234|1234|1234|1234|12…  0
 467  norvel        x...x...x....xx....xx....x...x....xx...…        |1234|1234|1234|1234|1234|1234|12…  0
 468  norvel        x...x..x..x..x...x..xx...xx...xx/2              |1234|1234|1234|1234|1234|1234|12…  1
 469  norvel        xx....xx...x...x...xxx....x...x...xx/3          |1234|1234|1234|1234|1234|1234|12…  0
 470  norvel        x...x...x...x...x....x...xx...x...xx/2          |1234|1234|1234|1234|1234|1234|12…  0
 471  norvel        x...x...x..x...x..x...x..x...x..x..x/6          |1234|1234|1234|1234|1234|1234|12…  1
 472  norvel        xx.....x....xx.....x....x.....x....x...…        |1234|1234|1234|1234|1234|1234|12…  0
 473  norvel        x...x...x...x...x....x...x...x....x....…        |1234|1234|1234|1234|1234|1234|12…  0
 474  norvel        x...x...x....x...x...x....x...xx...x...…        |1234|1234|1234|1234|1234|1234|12…  0
 475  norvel        xx...x...x..xxx..x..x...x...x...xxx...x…        |1234|1234|1234|1234|1234|1234|12…  1
 476  norvel        x...x...x...x....x...x....x...x....x...…        |1234|1234|1234|1234|1234|1234|12…  0
 477  norvel        x...x..x...x..x..x..xx...x..x...x..x/5          |1234|1234|1234|1234|1234|1234|12…  0
 478  norvel        x....x...x...x....x...x...x....x/2              |1234|1234|1234|1234|1234|1234|12…  0
 479  norvel        xxx...xx...x...x...x...xx...x....x...xx…        |1234|1234|1234|1234|1234|1234|12…  0
 480  norvel        xx..x..x..x..x..x...x...x..x...x/4              |1234|1234|1234|1234|1234|1234|12…  0
 481  norvel        x..xx...x..xx..xx..x...xx..xx..x..xxx..…        |1234|1234|1234|1234|1234|1234|12…  1
 482  norvel        x...x...xx..x...xx..x..xx..xx..x/2              |1234|1234|1234|1234|1234|1234|12…  1

per-name tally this round
name             presented correct  hit-rate
norvel                 483     157     32.5%
