Centaur Zendo round 3 (training)
round_id : 7d71ea0130674b92b84639f1c51f0275
written  : 2026-09-02 10:41:50Z
presented=428  answered=405  correct=15  skipped=23
client answer latency: mean 0.108 ms  median 0.102 ms  max 1.660 ms  (n=428)

 idx  name          clue                                      answer                                    score
------------------------------------------------------------------------------------------------------------
   0  quilm         12 6                                      775111 388904                             0
   1  quilm         13 5                                      00011 88888                               1
   2  quilm         15 4                                      0011 8888                                 0
   3  quilm         7 3                                       000 888                                   0
   4  quilm         11 3                                      000 888                                   0
   5  quilm         7 3                                       111 888                                   0
   6  quilm         13 5                                      00000 88888                               0
   7  quilm         16 5                                      00011 88888                               0
   8  quilm         19 6                                      775111 388904                             0
   9  quilm         11 3                                      111 888                                   0
  10  quilm         13 4                                      0011 8888                                 0
  11  quilm         7 3                                       011 889                                   0
  12  quilm         19 6                                      000011 888888                             0
  13  quilm         23 6                                      775111 388904                             0
  14  quilm         15 5                                      00011 88888                               0
  15  quilm         9 3                                       000 888                                   0
  16  quilm         5 3                                       000 888                                   0
  17  quilm         12 6                                      000011 888888                             0
  18  quilm         18 5                                      00011 88888                               0
  19  quilm         13 5                                      05411 08877                               0
  20  quilm         13 5                                      01111 88888                               0
  21  quilm         6 3                                       000 888                                   0
  22  quilm         9 3                                       111 888                                   0
  23  quilm         16 4                                      0011 8888                                 0
  24  quilm         13 6                                      775111 388904                             0
  25  quilm         10 3                                      000 888                                   0
  26  quilm         9 5                                       00011 88888                               0
  27  quilm         12 4                                      0011 8888                                 1
  28  quilm         12 5                                      00011 88888                               0
  29  quilm         8 3                                       000 888                                   0
  30  quilm         10 3                                      111 888                                   0
  31  quilm         9 4                                       0011 8888                                 0
  32  quilm         12 4                                      0000 8888                                 0
  33  quilm         7 3                                       011 988                                   0
  34  quilm         14 5                                      00011 88888                               0
  35  quilm         13 6                                      000011 888888                             0
  36  quilm         15 5                                      00000 88888                               0
  37  quilm         23 6                                      000011 888888                             0
  38  quilm         10 5                                      00011 88888                               0
  39  quilm         8 6                                       775111 388904                             0
  40  quilm         8 3                                       111 888                                   0
  41  quilm         16 4                                      0000 8888                                 0
  42  quilm         8 3                                       011 889                                   0
  43  quilm         15 6                                      775111 388904                             0
  44  quilm         8 3                                       011 988                                   0
  45  quilm         6 3                                       111 888                                   0
  46  quilm         13 4                                      0000 8888                                 0
  47  quilm         5 3                                       111 888                                   0
  48  quilm         20 6                                      775111 388904                             0
  49  quilm         22 6                                      775111 388904                             0
  50  quilm         13 6                                      000000 888888                             0
  51  quilm         6 3                                       011 889                                   0
  52  quilm         18 6                                      775111 388904                             1
  53  quilm         10 3                                      011 889                                   1
  54  quilm         9 5                                       00000 88888                               0
  55  quilm         14 4                                      0011 8888                                 0
  56  quilm         16 5                                      00000 88888                               0
  57  quilm         12 5                                      00000 88888                               0
  58  quilm         10 4                                      0011 8888                                 0
  59  quilm         18 5                                      00000 88888                               0
  60  quilm         11 3                                      011 889                                   0
  61  quilm         20 5                                      00011 88888                               0
  62  quilm         11 4                                      0011 8888                                 0
  63  quilm         16 4                                      5411 8877                                 0
  64  quilm         6 4                                       0011 8888                                 0
  65  quilm         13 6                                      054110 088877                             0
  66  quilm         7 3                                       888 011                                   0
  67  quilm         6 4                                       0000 8888                                 0
  68  quilm         10 5                                      00000 88888                               0
  69  quilm         11 6                                      775111 388904                             0
  70  quilm         12 3                                      000 888                                   0
  71  quilm         6 4                                       5411 8877                                 0
  72  quilm         20 5                                      00000 88888                               0
  73  quilm         9 6                                       775111 388904                             0
  74  quilm         7 4                                       0011 8888                                 0
  75  quilm         14 5                                      00000 88888                               0
  76  quilm         13 5                                      00011 88887                               0
  77  quilm         14 5                                      05411 08877                               0
  78  quilm         20 5                                      05411 08877                               0
  79  quilm         7 3                                       541 887                                   0
  80  quilm         20 5                                      01111 88888                               0
  81  quilm         18 5                                      05411 08877                               0
  82  quilm         5 3                                       011 889                                   0
  83  quilm         14 4                                      0000 8888                                 0
  84  quilm         7 3                                       011 888                                   0
  85  quilm         18 5                                      01111 88888                               0
  86  quilm         9 3                                       011 889                                   0
  87  quilm         11 4                                      0000 8888                                 0
  88  quilm         20 5                                      00011 88887                               0
  89  quilm         16 5                                      05411 08877                               0
  90  quilm         13 6                                      111111 888888                             0
  91  quilm         11 3                                      011 988                                   0
  92  quilm         20 5                                      11111 88888                               0
  93  quilm         16 6                                      775111 388904                             0
  94  quilm         13 5                                      11111 88888                               0
  95  quilm         8 4                                       0011 8888                                 0
  96  quilm         9 3                                       011 988                                   0
  97  quilm         10 4                                      0000 8888                                 0
  98  quilm         13 4                                      5411 8877                                 0
  99  quilm         11 3                                      888 011                                   0
 100  quilm         6 3                                       011 988                                   0
 101  quilm         14 4                                      5411 8877                                 0
 102  quilm         9 3                                       888 011                                   0
 103  quilm         7 5                                       00011 88888                               0
 104  quilm         5 3                                       011 988                                   0
 105  quilm         10 3                                      011 988                                   0
 106  quilm         15 5                                      05411 08877                               0
 107  quilm         17 6                                      775111 388904                             0
 108  quilm         17 5                                      00011 88888                               0
 109  quilm         23 6                                      000000 888888                             0
 110  quilm         16 4                                      0111 8888                                 1
 111  quilm         12 3                                      111 888                                   0
 112  quilm         8 6                                       000011 888888                             0
 113  quilm         12 3                                      011 889                                   0
 114  quilm         10 6                                      775111 388904                             0
 115  quilm         12 3                                      011 988                                   0
 116  quilm         9 3                                       541 887                                   0
 117  quilm         16 4                                      0011 8887                                 0
 118  quilm         11 4                                      5411 8877                                 0
 119  quilm         18 6                                      000011 888888                             0
 120  quilm         7 3                                       000 000                                   0
 121  quilm         13 4                                      0111 8888                                 0
 122  quilm         16 5                                      01111 88888                               0
 123  quilm         7 5                                       00000 88888                               0
 124  quilm         16 4                                      1111 8888                                 0
 125  quilm         13 5                                      00000 00000                               0
 126  quilm         11 5                                      00011 88888                               0
 127  quilm         19 6                                      000000 888888                             0
 128  quilm         18 6                                      000000 888888                             0
 129  quilm         9 3                                       011 888                                   0
 130  quilm         14 4                                      0111 8888                                 0
 131  quilm         12 4                                      5411 8877                                 0
 132  quilm         10 4                                      5411 8877                                 0
 133  quilm         8 4                                       0000 8888                                 0
 134  quilm         7 4                                       0000 8888                                 0
 135  quilm         13 5                                      99999 99999                               0
 136  quilm         15 4                                      0000 8888                                 0
 137  quilm         15 4                                      5411 8877                                 0
 138  quilm         19 5                                      00011 88888                               0
 139  quilm         15 5                                      01111 88888                               0
 140  quilm         8 5                                       00011 88888                               0
 141  quilm         8 3                                       888 011                                   0
 142  quilm         12 4                                      0111 8888                                 0
 143  quilm         15 5                                      00011 88887                               0
 144  quilm         6 3                                       888 011                                   0
 145  quilm         11 4                                      0111 8888                                 0
 146  quilm         11 3                                      541 887                                   0
 147  quilm         8 4                                       5411 8877                                 0
 148  quilm         7 3                                       999 999                                   0
 149  quilm         19 5                                      00000 88888                               0
 150  quilm         16 5                                      00011 88887                               0
 151  quilm         9 6                                       000011 888888                             0
 152  quilm         7 5                                       05411 08877                               0
 153  quilm         10 3                                      888 011                                   0
 154  quilm         5 3                                       888 011                                   0
 155  quilm         7 3                                       123 456                                   0
 156  quilm         15 5                                      11111 88888                               0
 157  quilm         13 5                                      12345 67890                               0
 158  quilm         13 6                                      000000 000000                             0
 159  quilm         10 6                                      000011 888888                             0
 160  quilm         17 6                                      000011 888888                             0
 161  quilm         19 5                                      05411 08877                               0
 162  quilm         10 4                                      0111 8888                                 0
 163  quilm         15 4                                      0111 8888                                 0
 164  quilm         19 5                                      01111 88888                               0
 165  quilm         21 6                                      775111 388904                             0
 166  quilm         16 4                                      0000 0000                                 0
 167  quilm         12 6                                      000000 888888                             0
 168  quilm         9 5                                       05411 08877                               0
 169  quilm         9 3                                       000 000                                   0
 170  quilm         8 4                                       0111 8888                                 0
 171  quilm         6 3                                       541 887                                   1
 172  quilm         6 4                                       0111 8888                                 0
 173  quilm         9 3                                       999 999                                   0
 174  quilm         18 5                                      00011 88887                               0
 175  quilm         13 5                                      None                                      0
 176  quilm         8 3                                       541 887                                   0
 177  quilm         6 3                                       011 888                                   0
 178  quilm         11 3                                      011 888                                   1
 179  quilm         6 3                                       000 000                                   0
 180  quilm         20 5                                      00000 00000                               0
 181  quilm         14 5                                      01111 88888                               0
 182  quilm         17 5                                      00000 88888                               0
 183  quilm         7 5                                       01111 88888                               0
 184  quilm         11 5                                      00000 88888                               0
 185  quilm         7 4                                       5411 8877                                 1
 186  quilm         10 4                                      0011 8887                                 0
 187  quilm         10 4                                      1111 8888                                 0
 188  quilm         17 6                                      000000 888888                             0
 189  quilm         12 3                                      888 011                                   0
 190  quilm         6 4                                       0011 8887                                 0
 191  quilm         19 6                                      054110 088877                             0
 192  quilm         5 3                                       541 887                                   0
 193  quilm         11 5                                      05411 08877                               0
 194  quilm         12 5                                      05411 08877                               0
 195  quilm         8 5                                       00000 88888                               0
 196  quilm         10 3                                      541 887                                   0
 197  quilm         9 4                                       0000 8888                                 0
 198  quilm         20 6                                      000011 888888                             0
 199  quilm         11 3                                      000 000                                   0
 200  quilm         7 3                                       500 887                                   0
 201  quilm         13 4                                      0011 8887                                 0
 202  quilm         8 3                                       011 888                                   0
 203  quilm         10 3                                      011 888                                   0
 204  quilm         6 4                                       1111 8888                                 0
 205  quilm         16 5                                      11111 88888                               0
 206  quilm         7 3                                       541 880                                   0
 207  quilm         5 3                                       011 888                                   0
 208  quilm         6 3                                       999 999                                   0
 209  quilm         8 3                                       000 000                                   0
 210  quilm         10 3                                      000 000                                   0
 211  quilm         9 3                                       123 456                                   0
 212  quilm         11 5                                      01111 88888                               0
 213  quilm         12 3                                      541 887                                   0
 214  quilm         23 6                                      054110 088877                             0
 215  quilm         16 5                                      00000 00000                               0
 216  quilm         12 5                                      01111 88888                               0
 217  quilm         8 6                                       000000 888888                             0
 218  quilm         6 3                                       123 456                                   0
 219  quilm         19 5                                      00011 88887                               0
 220  quilm         16 5                                      99999 99999                               0
 221  quilm         13 5                                      None                                      0
 222  quilm         11 3                                      999 999                                   0
 223  quilm         22 6                                      000011 888888                             0
 224  quilm         9 3                                       500 887                                   0
 225  quilm         11 3                                      123 456                                   0
 226  quilm         5 3                                       000 000                                   0
 227  quilm         10 3                                      999 999                                   0
 228  quilm         11 5                                      00011 88887                               0
 229  quilm         15 5                                      00000 00000                               0
 230  quilm         11 5                                      11111 88888                               0
 231  quilm         9 6                                       000000 888888                             0
 232  quilm         13 4                                      1111 8888                                 0
 233  quilm         7 4                                       0111 8888                                 0
 234  quilm         11 3                                      500 887                                   0
 235  quilm         12 5                                      00011 88887                               0
 236  quilm         11 6                                      000011 888888                             0
 237  quilm         6 3                                       500 887                                   0
 238  quilm         20 5                                      99999 99999                               0
 239  quilm         11 4                                      0011 8887                                 0
 240  quilm         13 6                                      999999 999999                             0
 241  quilm         10 3                                      123 456                                   0
 242  quilm         18 5                                      11111 88888                               0
 243  quilm         14 5                                      00011 88887                               0
 244  quilm         16 5                                      12345 67890                               0
 245  quilm         9 3                                       541 880                                   1
 246  quilm         7 3                                       010 888                                   1
 247  quilm         8 3                                       999 999                                   0
 248  quilm         11 3                                      541 880                                   0
 249  quilm         14 6                                      775111 388904                             0
 250  quilm         6 3                                       541 880                                   0
 251  quilm         11 5                                      00000 00000                               0
 252  quilm         14 5                                      11111 88888                               0
 253  quilm         5 3                                       999 999                                   0
 254  quilm         12 4                                      0011 8887                                 0
 255  quilm         7 3                                       002 888                                   0
 256  quilm         15 4                                      0011 8887                                 0
 257  quilm         19 6                                      111111 888888                             0
 258  quilm         9 3                                       010 888                                   0
 259  quilm         19 5                                      11111 88888                               0
 260  quilm         13 5                                      None                                      0
 261  quilm         14 4                                      0011 8887                                 0
 262  quilm         16 4                                      9999 9999                                 0
 263  quilm         19 6                                      000000 000000                             0
 264  quilm         18 5                                      00000 00000                               0
 265  quilm         18 5                                      99999 99999                               0
 266  quilm         18 6                                      054110 088877                             0
 267  quilm         12 4                                      1111 8888                                 0
 268  quilm         10 5                                      05411 08877                               0
 269  quilm         17 5                                      05411 08877                               0
 270  quilm         14 4                                      1111 8888                                 0
 271  quilm         8 4                                       0011 8887                                 1
 272  quilm         9 3                                       002 888                                   0
 273  quilm         8 4                                       1111 8888                                 0
 274  quilm         11 3                                      010 888                                   0
 275  quilm         6 4                                       0000 0000                                 0
 276  quilm         10 3                                      500 887                                   0
 277  quilm         10 3                                      541 880                                   0
 278  quilm         8 5                                       05411 08877                               0
 279  quilm         11 3                                      002 888                                   0
 280  quilm         13 5                                      None                                      0
 281  quilm         19 5                                      00000 00000                               0
 282  quilm         13 4                                      0000 0000                                 0
 283  quilm         9 4                                       5411 8877                                 0
 284  quilm         6 3                                       010 888                                   0
 285  quilm         12 3                                      011 888                                   0
 286  quilm         9 3                                       119 888                                   0
 287  quilm         16 4                                      1234 5678                                 0
 288  quilm         12 3                                      000 000                                   0
 289  quilm         11 4                                      1111 8888                                 0
 290  quilm         12 5                                      11111 88888                               0
 291  quilm         6 3                                       002 888                                   0
 292  quilm         8 3                                       123 456                                   0
 293  quilm         10 3                                      010 888                                   0
 294  quilm         20 5                                      12345 67890                               0
 295  quilm         19 6                                      999999 999999                             0
 296  quilm         22 6                                      000000 888888                             0
 297  quilm         7 4                                       0011 8887                                 0
 298  quilm         14 4                                      0000 0000                                 0
 299  quilm         12 3                                      999 999                                   0
 300  quilm         16 5                                      None                                      0
 301  quilm         12 3                                      123 456                                   0
 302  quilm         10 4                                      0000 0000                                 0
 303  quilm         14 4                                      9999 9999                                 0
 304  quilm         8 4                                       0000 0000                                 0
 305  quilm         16 5                                      None                                      0
 306  quilm         7 3                                       119 888                                   0
 307  quilm         8 3                                       500 887                                   0
 308  quilm         7 4                                       1111 8888                                 0
 309  quilm         12 5                                      00000 00000                               0
 310  quilm         11 5                                      99999 99999                               0
 311  quilm         12 5                                      99999 99999                               0
 312  quilm         12 4                                      0000 0000                                 0
 313  quilm         15 5                                      99999 99999                               0
 314  quilm         5 3                                       123 456                                   0
 315  quilm         8 5                                       01111 88888                               0
 316  quilm         16 6                                      000011 888888                             0
 317  quilm         13 4                                      9999 9999                                 0
 318  quilm         7 4                                       0000 0000                                 0
 319  quilm         16 6                                      000000 888888                             0
 320  quilm         16 4                                      0011 9888                                 0
 321  quilm         9 3                                       541 888                                   0
 322  quilm         12 5                                      12345 67890                               0
 323  quilm         8 3                                       541 880                                   0
 324  quilm         10 3                                      002 888                                   0
 325  quilm         13 4                                      1234 5678                                 0
 326  quilm         5 3                                       500 887                                   0
 327  quilm         15 6                                      000011 888888                             0
 328  quilm         10 5                                      01111 88888                               0
 329  quilm         9 3                                       111 111                                   0
 330  quilm         15 4                                      1111 8888                                 0
 331  quilm         10 5                                      00011 88887                               0
 332  quilm         5 3                                       541 880                                   0
 333  quilm         11 4                                      0000 0000                                 0
 334  quilm         9 5                                       01111 88888                               0
 335  quilm         10 3                                      119 888                                   0
 336  quilm         12 3                                      500 887                                   0
 337  quilm         15 5                                      12345 67890                               0
 338  quilm         16 5                                      None                                      0
 339  quilm         9 4                                       0111 8888                                 0
 340  quilm         11 6                                      000000 888888                             0
 341  quilm         20 5                                      None                                      0
 342  quilm         11 3                                      119 888                                   1
 343  quilm         8 5                                       00011 88887                               0
 344  quilm         10 5                                      11111 88888                               0
 345  quilm         18 5                                      12345 67890                               0
 346  quilm         7 4                                       9999 9999                                 0
 347  quilm         14 6                                      000011 888888                             1
 348  quilm         23 6                                      111111 888888                             0
 349  quilm         6 3                                       119 888                                   0
 350  quilm         9 3                                       012 888                                   0
 351  quilm         13 5                                      None                                      0
 352  quilm         5 3                                       010 888                                   0
 353  quilm         18 5                                      None                                      0
 354  quilm         12 4                                      9999 9999                                 0
 355  quilm         10 5                                      00000 00000                               0
 356  quilm         8 3                                       010 888                                   0
 357  quilm         16 4                                      0541 0887                                 0
 358  quilm         5 3                                       002 888                                   0
 359  quilm         14 4                                      1234 5678                                 0
 360  quilm         7 4                                       1234 5678                                 0
 361  quilm         15 5                                      None                                      0
 362  quilm         19 6                                      775111 388905                             0
 363  quilm         8 4                                       9999 9999                                 0
 364  quilm         12 5                                      None                                      0
 365  quilm         9 5                                       00011 88887                               1
 366  quilm         15 4                                      0000 0000                                 0
 367  quilm         7 3                                       541 888                                   0
 368  quilm         12 4                                      1234 5678                                 0
 369  quilm         14 4                                      0011 9888                                 0
 370  quilm         21 6                                      000011 888888                             0
 371  quilm         7 3                                       111 111                                   0
 372  quilm         9 5                                       11111 88888                               0
 373  quilm         12 3                                      541 880                                   0
 374  quilm         14 4                                      0541 0887                                 0
 375  quilm         18 5                                      None                                      0
 376  quilm         6 4                                       9999 9999                                 0
 377  quilm         6 4                                       1234 5678                                 0
 378  quilm         16 4                                      0011 8888                                 0
 379  quilm         11 4                                      9999 9999                                 0
 380  quilm         11 3                                      541 888                                   0
 381  quilm         8 5                                       11111 88888                               0
 382  quilm         11 4                                      1234 5678                                 0
 383  quilm         9 6                                       054110 088877                             0
 384  quilm         5 3                                       119 888                                   0
 385  quilm         11 4                                      0011 9888                                 0
 386  quilm         15 5                                      None                                      0
 387  quilm         11 3                                      111 111                                   0
 388  quilm         12 5                                      None                                      0
 389  quilm         8 5                                       00000 00000                               0
 390  quilm         7 3                                       012 888                                   0
 391  quilm         14 5                                      00000 00000                               0
 392  quilm         8 4                                       1234 5678                                 0
 393  quilm         15 5                                      None                                      0
 394  quilm         12 3                                      010 888                                   0
 395  quilm         11 3                                      012 888                                   0
 396  quilm         15 5                                      None                                      0
 397  quilm         13 5                                      None                                      0
 398  quilm         9 3                                       901 888                                   0
 399  quilm         11 4                                      0541 0887                                 0
 400  quilm         9 4                                       0011 8887                                 0
 401  quilm         19 5                                      99999 99999                               0
 402  quilm         11 5                                      12345 67890                               0
 403  quilm         10 4                                      9999 9999                                 0
 404  quilm         11 3                                      901 888                                   0
 405  quilm         20 5                                      None                                      0
 406  quilm         15 4                                      9999 9999                                 0
 407  quilm         10 5                                      99999 99999                               0
 408  quilm         16 5                                      None                                      0
 409  quilm         11 4                                      0011 8888                                 0
 410  quilm         9 3                                       011 878                                   0
 411  quilm         18 5                                      None                                      0
 412  quilm         8 3                                       002 888                                   0
 413  quilm         13 4                                      0011 9888                                 0
 414  quilm         17 6                                      054110 088877                             0
 415  quilm         15 4                                      1234 5678                                 0
 416  quilm         10 5                                      12345 67890                               0
 417  quilm         9 4                                       1111 8888                                 0
 418  quilm         10 4                                      1234 5678                                 0
 419  quilm         8 6                                       054110 088877                             0
 420  quilm         12 4                                      0011 9888                                 0
 421  quilm         16 4                                      None                                      0
 422  quilm         5 3                                       541 888                                   0
 423  quilm         12 3                                      002 888                                   0
 424  quilm         9 3                                       None                                      0
 425  quilm         10 3                                      541 888                                   1
 426  quilm         20 6                                      000000 888888                             0
 427  quilm         12 6                                      054110 088877                             0

per-name tally this round
name             presented correct  hit-rate
quilm                  428      15      3.5%
